0.024975982
0.039854243
0.05403946
0.067242071
0.083138123
0.09404657
0.10950057
0.12411673
0.14189778
0.15713665
0.17408662
0.18731074
0.20435885
0.21705204
0.23271386
0.24822508
0.26215187
0.27777454
0.29266286
0.30906585
0.32186607
0.33686024
0.35354996
0.3671132
0.38309881
0.39681169
0.41188461
0.42776668
0.44284251
0.45683733
0.47108647
0.48721099
0.50313246
0.517223
0.5329262
0.54537004
0.56343365
0.57744163
0.59173012
0.60694581
0.62207919
0.63758814
0.65237641
0.66485536
0.68201667
0.69626892
0.71092212
0.72706676
0.74025196
0.75647932
0.77010024
0.78603542
0.80102468
0.81628817
0.83048713
0.84574139
0.86154807
0.87626749
0.88999456
0.90634155
0.92061406
0.93667531
0.9493587
0.9651168
0.9806307
0.99539787
1.0103378
1.024456
1.040603
1.0561543
1.0690252
1.0857593
1.1005244
1.1161522
1.1292663
1.1455146
1.1595129
1.1755409
1.1902708
1.2037137
1.2200155
1.2355374
1.2505038
1.2644424
1.2787298
1.296093
1.3092387
1.3250912
1.3389797
1.3545625
1.3682823
1.3845199
1.3984402
1.4141314
1.4298301
1.44332
1.4600308
1.4741664
1.4876778
1.5046451
1.5174278
1.534445
1.5496237
1.5645146
1.5787787
1.5920817
1.6088908
1.6251048
1.6380076
1.6527312
1.6675195
1.6824542
1.6989492
1.7134384
1.7296584
1.7430246
1.7592442
1.7738974
1.788443
1.805295
1.8182905
1.8341199
1.8474135
1.8628252
1.8792201
1.8937877
1.9089812
1.9230959
1.9390281
1.9541872
1.9683509
1.9830782
1.9995077
2.0135746
2.0313046
2.0431032
2.0596807
2.0727732
2.0887315
2.104363
2.1174259
2.1321442
2.1498613
2.1618361
2.1785879
2.1928856
2.2075596
2.2231765
2.236948
2.2520008
2.2682688
2.2830396
2.2979367
2.3123837
2.3278565
2.3414912
2.3588285
2.3719578
2.3876665
2.4031332
2.4172659
2.4331663
2.4486098
2.462955
2.4786525
2.4945235
2.508338
2.5237405
2.5373127
2.5536721
2.5678158
2.5830154
2.5991232
2.6118722
2.6290946
2.6428988
2.6585896
2.6731348
2.6880112
2.7034304
2.7172606
2.7325428
2.7476356
2.7629626
2.7787261
2.7917523
2.8083825
2.8238699
2.8378325
2.8525126
2.8669391
2.8830233
2.8991365
2.9115391
2.9296219
2.9414892
2.9579811
2.9739637
2.9868681
3.0032625
3.0173323
3.0316041
3.0478568
3.0622718
3.0766158
3.0928829
3.1065664
3.1236331
3.1366792
3.1524653
3.1674447
3.1814125
3.1978869
3.2130353
3.2279921
3.2420328
3.2576725
3.2725708
3.2883923
3.3023505
3.3184099
3.3327475
3.3491886
3.3614788
3.3786104
3.3930786
3.4083922
3.4241295
3.4370334
3.4526412
3.4672911
3.4807856
3.4979236
3.5113156
3.5271156
3.5431709
3.5558817
3.5740848
3.5875673
3.601866
3.6177948
3.6316881
3.6489491
3.6624184
3.6772482
3.6909068
3.7078691
3.7219849
3.7377636
3.7519157
3.7674377
3.7822652
3.7976904
3.8118546
3.826972
3.842129
3.8578801
3.8724029
3.8880343
3.901814
3.9183884
3.9307976
3.9479709
3.9617345
3.9776137
3.9929359
4.0073481
4.0230746
4.037365
4.0507965
4.0676055
4.0814166
4.096632
4.1131086
4.1267695
4.1421008
4.1582055
4.1719866
4.1875296
4.2027473
4.2162967
4.2323556
4.2470021
4.2621007
4.2780647
4.2929029
4.3059745
4.3236904
4.3368359
4.353106
4.3676615
4.3810163
4.3976231
4.4119387
4.4254165
4.4425764
4.4566908
4.4723716
4.4856582
4.5021224
4.5171704
4.5318346
4.5464892
4.5629559
4.5769954
4.5923605
4.60637
4.6203914
4.6372013
4.6512718
4.665977
4.6816287
4.6959419
4.7109551
4.7270803
4.7427688
4.7550936
4.7731586
4.7866478
4.8016171
4.8179336
4.8306313
4.8466458
4.8616762
4.8759365
4.8923111
4.9052033
4.9222441
4.937839
4.9508729
4.9666066
4.9822335
4.995347
5.0118408
5.026257
5.0430012
5.0564861
5.0712504
5.0877252
5.1024208
5.1169138
5.1316476
5.1455865
5.1622834
5.1765027
5.1917195
5.2067099
5.2214613
5.2357931
5.2531872
5.2661567
5.2813215
5.2964549
5.310843
5.3272228
5.3421717
5.3561006
5.3718181
5.3867817
5.4012332
5.4164567
5.4307323
5.4460621
5.4616709
5.4764791
5.4910049
5.5059476
5.5213528
5.5368795
5.5529666
5.5659537
5.5813704
5.597024
5.611125
5.6265244
5.640779
5.65729
5.6714435
5.6858683
5.70257
5.7173128
5.7329817
5.7459135
5.7610683
5.7773929
5.7911959
5.8077102
5.8205109
5.8363562
5.8511481
5.8668866
5.8813257
5.8950629
5.9111547
5.9243917
5.9402328
5.9559078
5.9711823
5.9856067
6.0008492
6.0145583
6.031415
6.0459099
6.0625887
6.075881
6.0912013
6.1061597
6.1208673
6.136548
6.151269
6.166945
6.1807022
6.1947012
6.2093921
6.2255034
6.2389607
6.255971
6.2700253
6.2844095
6.3013148
6.3159938
6.3296494
6.345686
6.3608155
6.3755798
6.3906956
6.405489
6.4204197
6.4348583
6.4506793
6.4646707
6.4814
6.4937925
6.5099883
6.5261607
6.5395527
6.5554647
6.5704155
6.5848775
6.599402
6.6165719
6.629765
6.6446805
6.6607032
6.6743875
6.6892543
6.7059741
6.7211885
6.7340746
6.7496567
6.7653198
6.7801738
6.7940078
6.8104134
6.8255186
6.8399992
6.8554692
6.8692565
6.8846269
6.9003234
6.9141588
6.9293089
6.9440098
6.9594526
6.9748244
6.9897432
7.0053201
7.0185699
7.0344315
7.0504246
7.0640359
7.079803
7.0943489
7.1080642
7.1248422
7.1396499
7.1551142
7.1695843
7.1848364
7.1997576
7.2149887
7.2298765
7.24441
7.2589283
7.2738671
7.2886858
7.3048644
7.318717
7.3349094
7.3485985
7.3639102
7.3801951
7.3948536
7.4089017
7.4247041
7.4398198
7.4535704
7.4697857
7.485652
7.5006051
7.514009
7.5298266
7.5442662
7.5590997
7.5747685
7.5890713
7.6037035
7.6196179
7.6348977
7.6487241
7.6641469
7.6792469
7.6938825
7.7104192
7.7238603
7.7392082
7.7533717
7.7692099
7.7840977
7.8002763
7.8153596
7.8285336
7.8436422
7.8607779
7.8736014
7.8901644
7.9044576
7.918014
7.9340963
7.9502206
7.9637074
7.9800248
7.9938936
8.0096998
8.0242224
8.0394745
8.0535936
8.0685453
8.08463
8.0998144
8.1134233
8.1294222
8.1438866
8.156517
8.1730957
8.1894169
8.2028255
8.2180138
8.2341976
8.2486019
8.2628479
8.2787647
8.2942114
8.3080206
8.323679
8.3384085
8.354043
8.3692064
8.3843431
8.3975258
8.4137897
8.4292517
8.44345
8.4584999
8.4742441
8.4879827
8.503726
8.5204916
8.532732
8.5486259
8.5639133
8.5799313
8.593853
8.609376
8.6236858
8.6394958
8.6535101
8.6684666
8.6836634
8.6986036
8.7141438
8.7270555
8.7421837
8.7584333
8.7730122
8.7889185
8.8040905
8.8182402
8.8329458
8.8489618
8.8638754
8.8771887
8.8926601
8.9088888
8.9230022
8.9378548
8.9532919
8.9681396
8.9830942
8.9993887
9.0132799
9.0273361
9.043787
9.0567122
9.0726442
9.0896358
9.1016254
9.1172342
9.1328783
9.1472387
9.1615639
9.1797495
9.1928978
9.2084751
9.2223196
9.2379494
9.2526131
9.2682171
9.283102
9.2975626
9.3129473
9.3281984
9.3426647
9.3578339
9.3733768
9.3874874
9.4024715
9.4182415
9.4332666
9.4475489
9.4627075
9.4787588
9.4933224
9.5077915
9.5226402
9.5379734
9.5539627
9.5679712
9.5833139
9.5985651
9.6139288
9.6277571
9.6428146
9.657793
9.6724482
9.6883516
9.7028618
9.716691
9.7315903
9.7474499
9.762413
9.7775812
9.7923889
9.8072996
9.8231401
9.8371201
9.8521843
9.8677168
9.8826694
9.8974972
9.9120722
9.9272985
9.943037
9.9561749
9.9719734
9.9884386
10.002535
10.016755
10.031838
10.048023
10.062441
10.078662
10.092072
10.107612
10.122803
10.137331
10.152936
10.167191
10.182618
10.198202
10.212652
10.227637
10.243388
10.257283
10.273991
10.286971
10.302147
10.316655
10.332365
10.34669
10.363348
10.377559
10.390821
10.407424
10.422471
10.436354
10.451908
10.467556
10.481707
10.497572
10.512705
10.526478
10.542889
10.557685
10.57214
10.586214
10.602848
10.617019
10.631583
10.647141
10.661557
10.677108
10.692964
10.706965
10.720783
10.736475
10.751472
10.766192
10.781774
10.797689
10.812536
10.828158
10.843168
10.856246
10.872082
10.886632
10.900887
10.916287
10.932616
10.947037
10.962522
10.976913
10.991766
11.007069
11.022818
11.036441
11.052453
11.067327
11.083763
11.096776
11.110462
11.125545
11.142251
11.156618
11.171421
11.185361
11.201593
11.216669
11.232067
11.245064
11.261761
11.276986
11.292416
11.30691
11.321823
11.336327
11.351789
11.367002
11.381556
11.395185
11.412337
11.426563
11.441683
11.456166
11.471087
11.485949
11.499671
11.517236
11.529531
11.545807
11.562194
11.575993
11.593275
11.605357
11.6213
11.636564
11.652382
11.667084
11.681247
11.697015
11.712306
11.727312
11.743091
11.755707
11.770886
11.786795
11.80165
11.816435
11.832253
11.844477
11.860728
11.875638
11.891235
11.904969
11.920853
11.936438
11.950389
11.967747
11.981343
11.996104
12.01129
12.026361
12.040915
12.05663
12.071368
12.086542
12.101097
12.116776
12.130289
12.145285
12.162052
12.17616
12.190327
12.208261
12.22125
12.236627
12.2511
12.266158
12.280609
12.295456
12.310475
12.325962
12.340578
12.356739
12.371216
12.386124
12.401362
12.415866
12.431465
12.446417
12.460913
12.474854
12.490672
12.505171
12.519382
12.536536
12.550772
12.565604
12.582485
12.595009
12.610989
12.625308
12.64116
12.655476
12.671006
12.686946
12.700381
12.715859
12.73193
12.745999
12.759509
12.775331
12.790951
12.805627
12.82074
12.836936
12.850111
12.865846
12.881421
12.89502
12.910887
12.92587
12.941821
12.95493
12.970251
12.985022
13.000896
13.015495
13.030962
13.045733
13.061223
13.076509
13.08931
13.106452
13.12115
13.135404
13.152059
13.16551
13.179684
13.197257
13.211305
13.225054
13.241655
13.255742
13.271823
13.284636
13.301332
13.315943
13.331524
13.345993
13.361062
13.373951
13.390394
13.406446
13.41983
13.436619
13.449938
13.465902
13.481874
13.495401
13.509228
13.525642
13.539865
13.554352
13.57062
13.584196
13.600994
13.614723
13.629862
13.644798
13.658888
13.674462
13.690914
13.705169
13.721264
13.735411
13.750566
13.765891
13.779623
13.794555
13.810644
13.826518
13.839722
13.854811
13.869929
13.884508
13.900299
13.916306
13.930079
13.945896
13.959971
13.97569
13.988838
14.004658
14.021018
14.033843
14.050791
14.066195
14.0803
14.094857
14.111104
14.125499
14.139521
14.155247
14.169718
14.184394
14.201398
14.215633
14.229796
14.244879
14.259527
14.274144
14.290691
14.304937
14.319428
14.334586
14.350642
14.363644
14.379989
14.395537
14.408115
14.425639
14.439509
14.455159
14.470821
14.484875
14.499784
14.51398
14.529902
14.544245
14.558934
14.576297
14.589311
14.604835
14.619182
14.634415
14.648921
14.665152
14.679928
14.694016
14.710438
14.724868
14.738511
14.755852
14.770246
14.783637
14.799243
14.81419
14.829081
14.844707
14.859598
14.876178
14.88868
14.904984
14.919834
14.933825
14.950859
14.964072
14.979121
14.994992
15.008946
15.025565
15.039253
15.054236
15.07095
15.083735
15.099989
15.114734
15.127954
15.144973
15.15892
15.175054
15.189699
15.206163
15.219109
15.234587
15.249536
15.263886
15.280008
15.295
15.307996
15.324077
15.339499
15.354643
15.36848
15.383577
15.399175
15.414542
15.429729
15.444502
15.459096
15.474113
15.490624
15.503163
15.518193
15.535243
15.546855
15.565268
15.579543
15.594422
15.608633
15.624977
15.63884
15.65366
15.669544
15.683619
15.698723
15.715138
15.728369
15.742841
15.758342
15.77383
15.789121
15.80312
15.818995
15.833274
15.849418
15.864068
15.879035
15.894837
15.908968
15.924479
15.939567
15.954399
15.969413
15.982721
15.999595
16.014032
16.027985
16.044704
16.058191
16.074268
16.0895
16.103992
16.11825
16.133938
16.149513
16.162277
16.179848
16.194269
16.208611
16.224352
16.237804
16.253271
16.267847
16.284073
16.29825
16.312487
16.329018
16.34388
16.358406
16.373732
16.39011
16.401939
16.417841
16.434389
16.448404
16.464174
16.478771
16.491745
16.510319
16.522497
16.537716
16.553265
16.56955
16.583443
16.597681
16.615191
16.628101
16.643381
16.657764
16.674704
16.68778
16.703789
16.718624
16.731882
16.748804
16.763306
16.778614
16.793972
16.808464
16.823149
16.83914
16.854263
16.86932
16.882666
16.897299
16.914703
16.927982
16.94338
16.958178
16.971661
16.987623
17.004128
17.017839
17.033985
17.048368
17.062283
17.080307
17.093586
17.107756
17.123325
17.139421
17.154289
17.167698
17.183922
17.198368
17.211823
17.228304
17.24337
17.256672
17.273006
17.288347
17.303049
17.318394
17.33313
17.346174
17.364796
17.379154
17.392427
17.408928
17.42277
17.439287
17.453939
17.46896
17.483179
17.497223
17.513565
17.528254
17.542273
17.55895
17.57238
17.587767
17.603247
17.617218
17.632683
17.64924
17.663202
17.678141
17.692516
17.707476
17.722614
17.738659
17.753841
17.76804
17.783089
17.799122
17.813498
17.827297
17.843491
17.857687
17.873587
17.886894
17.90299
17.918434
17.932907
17.948429
17.962038
17.977999
17.992821
18.008087
18.023212
18.037514
18.051977
18.06702
18.083527
18.097433
18.114052
18.12781
18.142429
18.158148
18.173054
18.185379
18.202835
18.218794
18.232443
18.246098
18.262329
18.277622
18.292089
18.308859
18.321739
18.336182
18.353081
18.367592
18.38232
18.397524
18.413176
18.426931
18.443218
18.457172
18.473001
18.486965
18.503523
18.51767
18.531237
18.547768
18.56333
18.57749
18.593149
18.607254
18.622519
18.63678
18.652929
18.667213
18.681795
18.696615
18.712267
18.727583
18.741879
18.758018
18.772654
18.787296
18.80368
18.816736
18.832354
18.847994
18.860334
18.878307
18.893059
18.9062
18.922955
18.938694
18.951351
18.968714
18.982397
18.997257
19.012888
19.027353
19.042345
19.05653
19.072308
19.087528
19.100918
19.117657
19.133512
19.147188
19.163544
19.176363
19.191847
19.207699
19.221748
19.236666
19.251766
19.267643
19.281233
19.297207
19.312019
19.326973
19.342209
19.356342
19.371996
19.387901
19.402901
19.416321
19.430395
19.446289
19.463051
19.475719
19.493341
19.507071
19.521372
19.537563
19.552069
19.567518
19.582165
19.597115
19.611961
19.625702
19.642776
19.657007
19.672159
19.687183
19.70233
19.716068
19.733011
19.746536
19.759933
19.777061
19.792147
19.805832
19.820934
19.837219
19.851925
19.866222
19.884228
19.896637
19.911703
19.926128
19.940226
19.956976
19.971823
19.986271
20.001162
20.016268
20.032185
20.04516
20.061935
20.077168
20.091265
20.108854
20.120975
20.137005
20.15221
20.165583
20.181215
20.196157
20.210823
20.226213
20.241531
20.257849
20.270424
20.287203
20.301674
20.316908
20.330364
20.346531
20.361103
20.375381
20.391033
20.407328
20.42181
20.435373
20.450563
20.465214
20.480566
20.497297
20.512529
20.526167
20.541298
20.556437
20.570755
20.585333
20.602495
20.616016
20.631575
20.646248
20.66111
20.676476
20.690968
20.70639
20.721731
20.736599
20.751312
20.767338
20.783195
20.796005
20.810759
20.826731
20.84108
20.856148
20.87254
20.885803
20.900846
20.917095
20.932447
20.94599
20.961876
20.976736
20.99069
21.006121
21.022377
21.036354
21.051243
21.066214
21.081741
21.095892
21.111673
21.126083
21.140676
21.15522
21.172785
21.184515
21.20112
21.216278
21.230556
21.247814
21.261395
21.275038
21.292864
21.305267
21.320797
21.336054
21.351112
21.364794
21.38028
21.394907
21.411051
21.426344
21.442001
21.455151
21.471996
21.486698
21.50136
21.514084
21.531746
21.545609
21.560562
21.575966
21.592121
21.606075
21.621334
21.636755
21.652126
21.666801
21.680206
21.696238
21.710678
21.725609
21.74168
21.756439
21.771372
21.786385
21.798958
21.816759
21.8314
21.846186
21.862291
21.876207
21.889936
21.905655
21.920309
21.935467
21.951021
21.966352
21.979916
21.996136
22.010906
22.025738
22.040781
22.055786
22.071903
22.084871
22.099745
22.117537
22.12874
22.146139
22.160559
22.174984
22.190529
22.207581
22.220198
22.236637
22.250566
22.26605
22.280706
22.29664
22.312786
22.32489
22.340584
22.356178
22.369505
22.386436
22.401127
22.414694
22.430279
22.444925
22.459335
22.475119
22.490763
22.504074
22.520231
22.536047
22.549332
22.566168
22.581884
22.594982
22.612555
22.624464
22.640446
22.655836
22.669416
22.68643
22.698299
22.716024
22.730436
22.744217
22.761721
22.775099
22.788502
22.807089
22.82044
22.834831
22.850796
22.865938
22.88172
22.894361
22.9116
22.925259
22.940332
22.956423
22.969971
22.986059
23.000853
23.015236
23.028683
23.045023
23.060081
23.074982
23.089756
23.105923
23.118629
23.136433
23.149883
23.164597
23.180323
23.194803
23.210043
23.225779
23.238674
23.255827
23.269098
23.285292
23.301256
23.314058
23.331944
23.345371
23.359377
23.376795
23.389524
23.4058
23.420704
23.435699
23.449398
23.466146
23.479443
23.495184
23.509275
23.526011
23.539394
23.554291
23.570034
23.584753
23.59967
23.615551
23.630224
23.644844
23.658627
23.676081
23.689455
23.704412
23.721609
23.734854
23.750891
23.765078
23.781006
23.79512
23.810644
23.825207
23.840549
23.855669
23.869072
23.883907
23.900364
23.915045
23.92816
23.945074
23.959623
23.975544
23.991186
24.003916
24.018654
24.033276
24.049408
24.062737
24.080111
24.095175
24.109205
24.125423
24.139601
24.15345
24.1707
24.183254
24.20137
24.212959
24.228989
24.244513
24.258335
24.27512
24.28895
24.303421
24.320539
24.33334
24.349281
24.364731
24.379374
24.395
24.409729
24.424555
24.439318
24.454447
24.470026
24.482775
24.501247
24.51428
24.530855
24.545256
24.55954
24.575665
24.590765
24.603378
24.619526
24.633141
24.649643
24.664869
24.678398
24.693693
24.710543
24.723963
24.740952
24.754097
24.770853
24.783506
24.798758
24.81525
24.829739
24.845739
24.859636
24.872423
24.890045
24.903898
24.918547
24.934591
24.949837
24.963449
24.978525
24.994175
25.008728
25.02471
25.039896
25.053658
25.070328
25.084229
25.098196
25.114946
25.127897
25.145336
25.157784
25.175261
25.189522
25.203911
25.219736
25.235422
25.248909
25.263823
25.277946
25.293211
25.310047
25.324135
25.33848
25.353836
25.36932
25.38419
25.397955
25.41548
25.428837
25.444376
25.459993
25.473612
25.489006
25.505053
25.518749
25.533857
25.54771
25.565016
25.578583
25.59273
25.608101
25.622728
25.639296
25.653725
25.668259
25.685089
25.697083
25.714054
25.728384
25.744593
25.760241
25.77257
25.789705
25.803564
25.817881
25.834946
25.849524
25.863991
25.878899
25.894358
25.909681
25.924101
25.938101
25.954334
25.967699
25.984348
25.996943
26.012543
26.028738
26.042892
26.058191
26.074514
26.088585
26.104103
26.118311
26.135054
26.147961
26.164343
26.178949
26.192421
26.209269
26.223299
26.23884
26.254084
26.268398
26.283127
26.298161
26.31418
26.329622
26.342907
26.359285
26.37224
26.388159
26.403505
26.417034
26.433838
26.448671
26.463852
26.477383
26.493963
26.508595
26.523331
26.539072
26.553591
26.569052
26.583872
26.600023
26.61281
26.629587
26.644087
26.65929
26.673794
26.689259
26.703566
26.718351
26.733959
26.748627
26.762989
26.778433
26.793663
26.806965
26.824352
26.83716
26.853661
26.868174
26.884134
26.898863
26.912767
26.929401
26.942904
26.957829
26.973772
26.987917
27.002954
27.018682
27.03326
27.048719
27.064096
27.078611
27.092808
27.10726
27.123758
27.137991
27.153801
27.168875
27.182793
27.200106
27.214037
27.228144
27.243355
27.257746
27.272654
27.289101
27.303255
27.31823
27.332336
27.348619
27.363546
27.377401
27.394562
27.407433
27.421741
27.438942
27.45363
27.468313
27.484035
27.499413
27.512413
27.528797
27.544144
27.558897
27.57234
27.587997
27.602617
27.617783
27.632456
27.647655
27.661655
27.678946
27.693686
27.708158
27.722673
27.738794
27.75164
27.768644
27.783413
27.796789
27.814898
27.828075
27.84374
27.858511
27.873135
27.888172
27.903593
27.920546
27.932642
27.948286
27.963907
27.97897
27.990927
28.008806
28.023466
28.038498
28.05364
28.068731
28.081705
28.099392
28.113922
28.128164
28.142555
28.159105
28.173225
28.188793
28.202019
28.218552
28.232428
28.248451
28.264837
28.278824
28.292408
28.30851
28.322472
28.340509
28.352514
28.367579
28.383595
28.398901
28.412979
28.429937
28.443216
28.458941
28.47139
28.48875
28.502661
28.518517
28.534637
28.547838
28.562143
28.577534
28.594736
28.607233
28.623194
28.639048
28.651384
28.668707
28.684116
28.697361
28.71269
28.730051
28.743937
28.75803
28.773481
28.787659
28.803152
28.818613
28.833149
28.848795
28.865416
28.877794
28.891975
28.908798
28.922876
28.937269
28.954638
28.967587
28.98353
28.998411
29.013985
29.027714
29.043802
29.060165
29.071144
29.089542
29.104422
29.11764
29.133375
29.149235
29.16399
29.177528
29.193621
29.208546
29.222477
29.239693
29.254211
29.267467
29.284544
29.297066
29.313028
29.328205
29.343382
29.358505
29.372919
29.388739
29.403051
29.417877
29.434332
29.447662
29.462898
29.478466
29.49403
29.506338
29.524378
29.53853
29.553749
29.568357
29.582956
29.597626
29.61385
29.628578
29.644875
29.657904
29.67396
29.686005
29.703529
29.71764
29.733175
29.748363
29.763525
29.778833
29.793039
29.808958
29.823044
29.837772
29.853918
29.869307
29.883036
29.899103
29.913174
29.927462
29.944159
29.959446
29.973759
29.990261
30.005283
30.017954
30.033537
30.049261
30.063105
30.079161
30.093206
30.107401
30.123648
30.139839
30.15254
30.169422
30.183048
30.198343
30.21419
30.229315
30.242941
30.257242
30.274054
30.289202
30.303032
30.318869
30.33441
30.349422
30.363766
30.378069
30.394138
30.409424
30.425272
30.439108
30.452158
30.471096
30.482868
30.499058
30.514214
30.530148
30.544147
30.55934
30.574564
30.588734
30.60391
30.619745
30.632866
30.649309
30.664707
30.678995
30.69375
30.709494
30.723742
30.740822
30.754032
30.769012
30.784248
30.797838
30.814861
30.827423
30.84403
30.859295
30.873142
30.890432
30.905518
30.919495
30.935463
30.948217
30.964029
30.979286
30.993084
31.00808
31.02384
31.039373
31.05393
31.06897
31.085417
31.097822
31.114313
31.130518
31.145163
31.158054
31.175055
31.191004
31.203745
31.22035
31.235342
31.248428
31.264891
31.279982
