0.0152
0.029921
0.044348
0.058771
0.074982
0.088095
0.100483
0.114399
0.129129
0.146677
0.162853
0.177692
0.193188
0.209318
0.223759
0.239302
0.253964
0.267447
0.284956
0.297989
0.313553
0.328543
0.342972
0.359543
0.373829
0.388603
0.402206
0.417728
0.433929
0.448425
0.462418
0.477638
0.491505
0.50629
0.521774
0.536923
0.552273
0.567955
0.582859
0.597546
0.612534
0.625702
0.640183
0.656845
0.671108
0.686474
0.70277
0.716652
0.731415
0.746597
0.760304
0.77655
0.791512
0.807259
0.820892
0.83403
0.85117
0.864864
0.881695
0.89576
0.91103
0.92556
0.939224
0.956101
0.968739
0.985088
1.000622
1.013454
1.030144
1.044575
1.059044
1.074158
1.088772
1.104511
1.119572
1.134365
1.149715
1.164352
1.179474
1.195221
1.208847
1.225151
1.239353
1.254528
1.269188
1.283485
1.298409
1.315407
1.32972
1.344669
1.358929
1.375477
1.388725
1.404419
1.420502
1.434139
1.450062
1.46339
1.480156
1.494789
1.509235
1.525265
1.539223
1.553608
1.570236
1.583794
1.600174
1.614647
1.628841
1.644928
1.658535
1.674591
1.688808
1.704758
1.719475
1.733791
1.750271
1.763786
1.777618
1.795708
1.808746
1.824299
1.839386
1.853996
1.868443
1.884205
1.898975
1.912125
1.929092
1.942287
1.958012
1.973141
1.988876
2.002396
2.019009
2.032906
2.048946
2.063877
2.077446
2.093346
2.107128
2.123791
2.137852
2.153183
2.16777
2.183113
2.197292
2.213882
2.22834
2.244015
2.257767
2.273262
2.288574
2.302124
2.318314
2.334171
2.346474
2.363266
2.378189
2.392773
2.408817
2.422703
2.437691
2.452885
2.467274
2.482784
2.496124
2.513138
2.526047
2.543839
2.557446
2.571671
2.589035
2.601902
2.618412
2.631962
2.646782
2.662651
2.678711
2.693256
2.706936
2.720867
2.738346
2.752472
2.767124
2.782997
2.796867
2.812824
2.829514
2.842201
2.856197
2.871239
2.88699
2.903191
2.916512
2.932694
2.946335
2.961777
2.977818
2.992249
3.00753
3.022999
3.036892
3.050434
3.067783
3.082153
3.096424
3.111813
3.128117
3.141613
3.157921
3.170738
3.187428
3.202023
3.216476
3.230484
3.24662
3.262402
3.277062
3.290508
3.306721
3.320194
3.337196
3.3517
3.365997
3.379826
3.396408
3.41127
3.427403
3.439964
3.456856
3.471565
3.486248
3.503101
3.51556
3.530479
3.546616
3.561535
3.57682
3.590515
3.607273
3.620125
3.636746
3.651352
3.6651
3.681896
3.697243
3.710129
3.727161
3.741165
3.755905
3.771179
3.786129
3.801804
3.814423
3.83168
3.845814
3.861603
3.877556
3.889431
3.905918
3.920925
3.934799
3.950935
3.965447
3.982388
3.99651
4.010265
4.025871
4.039887
4.056076
4.07024
4.085239
4.099945
4.115582
4.130215
4.146462
4.159859
4.175709
4.189922
4.205528
4.222229
4.23325
4.250748
4.264797
4.279957
4.294647
4.310009
4.325081
4.341457
4.356575
4.369408
4.384239
4.400871
4.413982
4.430016
4.44553
4.459541
4.475365
4.491146
4.50428
4.520119
4.534432
4.549923
4.565365
4.57975
4.595188
4.608788
4.624584
4.640381
4.652683
4.669998
4.683723
4.699623
4.714241
4.729019
4.74353
4.758408
4.775421
4.789436
4.803692
4.820999
4.833649
4.849243
4.865162
4.878315
4.89455
4.908386
4.924274
4.939743
4.953728
4.969284
4.98296
4.999321
5.014389
5.028038
5.044651
5.059753
5.074894
5.088432
5.102917
5.119835
5.133175
5.150143
5.164013
5.177742
5.196018
5.209274
5.223682
5.23959
5.253902
5.26852
5.284061
5.298321
5.313416
5.329731
5.344418
5.357929
5.374168
5.389462
5.402519
5.418465
5.434357
5.447464
5.463905
5.480339
5.49337
5.509266
5.523232
5.538578
5.552654
5.568932
5.584946
5.597153
5.614323
5.628536
5.64484
5.65712
5.673561
5.68861
5.702984
5.717899
5.733452
5.748104
5.763729
5.777378
5.793076
5.809746
5.823856
5.836258
5.853245
5.867287
5.883602
5.89719
5.913883
5.928188
5.942741
5.958225
5.973118
5.987614
6.004757
6.016979
6.033711
6.047592
6.062759
6.077545
6.092255
6.10828
6.121033
6.139061
6.152851
6.167553
6.184212
6.19648
6.213291
6.228802
6.241741
6.258591
6.273453
6.288666
6.303349
6.317654
6.33395
6.346348
6.36227
6.377113
6.391995
6.40662
6.424416
6.438255
6.451256
6.468216
6.483437
6.49744
6.513107
6.526886
6.541992
6.557159
6.572037
6.587238
6.602741
6.617439
6.631092
6.648197
6.662636
6.675915
6.692345
6.70808
6.722122
6.73584
6.7533
6.766766
6.782105
6.798405
6.810917
6.827049
6.842705
6.85556
6.872662
6.887184
6.903885
6.916622
6.932041
6.947353
6.961243
6.977016
6.993504
7.006619
7.022312
7.038017
7.051884
7.066174
7.082249
7.09671
7.11182
7.127083
7.14183
7.156052
7.170853
7.187721
7.200802
7.217346
7.232109
7.246864
7.262703
7.277382
7.292496
7.307282
7.321308
7.336571
7.351364
7.366985
7.38121
7.396893
7.412544
7.426086
7.44138
7.45686
7.470959
7.486866
7.50124
7.516895
7.530705
7.546227
7.562653
7.576325
7.591808
7.606869
7.620483
7.636311
7.651253
7.66547
7.682255
7.697163
7.711159
7.725838
7.740383
7.757114
7.771957
7.787037
7.803246
7.815819
7.831711
7.845234
7.860218
7.875286
7.892593
7.906529
7.920429
7.93774
7.951584
7.96632
7.98159
7.99638
8.011601
8.025868
8.041069
8.056152
8.07151
8.087654
8.101238
8.115459
8.130478
8.146786
8.160057
8.177689
8.190525
8.205624
8.219914
8.235931
8.25227
8.266758
8.281532
8.296425
8.311768
8.325558
8.340912
8.354912
8.371609
8.384975
8.401653
8.416874
8.431255
8.445786
8.459
8.476212
8.490093
8.505306
8.520554
8.534191
8.550381
8.566071
8.579521
8.595219
8.60973
8.625279
8.641129
8.656563
8.670975
8.684765
8.701397
8.716236
8.729393
8.746464
8.759808
8.774315
8.791966
8.804108
8.819931
8.835526
8.850395
8.864521
8.879849
8.896309
8.909161
8.923222
8.940731
8.955448
8.970516
8.985806
8.999264
9.015541
9.029518
9.045029
9.060665
9.074642
9.090565
9.104233
9.120045
9.136044
9.148769
9.165272
9.179955
9.194202
9.212067
9.224545
9.240978
9.255825
9.269741
9.284924
9.299332
9.316353
9.329849
9.344097
9.360924
9.374497
9.391476
9.404877
9.419788
9.435909
9.449738
9.463749
9.480476
9.495373
9.509991
9.52309
9.538849
9.55418
9.56884
9.585022
9.600002
9.614254
9.630787
9.646275
9.659535
9.674793
9.69025
9.705753
9.719032
9.734047
9.749695
9.763653
9.78027
9.793114
9.807671
9.825409
9.839111
9.854393
9.86977
9.885254
9.899273
9.912727
9.930138
9.944805
9.959641
9.976299
9.988049
10.005005
10.018848
10.033337
10.04916
10.064373
10.079605
10.096031
10.10883
10.124355
10.138706
10.153797
10.172119
10.183216
10.200134
10.214455
10.228928
10.244343
10.258526
10.273033
10.289276
10.304272
10.319035
10.333443
10.34927
10.362534
10.379208
10.393639
10.413784
10.4217
10.438534
10.454353
10.470371
10.484535
10.499172
10.514481
10.529484
10.54385
10.558678
10.574917
10.59074
10.602467
10.619511
10.632664
10.648533
10.66359
10.678604
10.694157
10.709286
10.72448
10.740288
10.752853
10.769535
10.785305
10.79982
10.815254
10.828327
10.84425
10.85928
10.874096
10.888828
10.903332
10.91835
10.935677
10.948185
10.964119
10.979393
10.993679
11.009579
11.023323
11.03875
11.055927
11.069519
11.084248
11.098755
11.113369
11.129326
11.143704
11.15974
11.173546
11.187851
11.204132
11.217747
11.23436
11.248135
11.263844
11.277927
11.293701
11.308525
11.323887
11.338081
11.353676
11.368439
11.382313
11.400734
11.414036
11.428776
11.444954
11.457806
11.474514
11.490063
11.504154
11.518169
11.53476
11.5494
11.56229
11.579704
11.593555
11.608147
11.625084
11.638519
11.653561
11.668797
11.683979
11.699085
11.714195
11.729302
11.743603
11.757713
11.774139
11.788475
11.803089
11.819531
11.833256
11.848328
11.864384
11.87785
11.893959
11.907726
11.923039
11.937855
11.952534
11.970131
11.982483
11.998962
12.014805
12.028091
12.044087
12.058842
12.073181
12.088303
12.102131
12.118633
12.131996
12.148563
12.163982
12.178173
12.194771
12.207581
12.222103
12.239193
12.252777
12.268204
12.2836
12.297958
12.312832
12.327683
12.345207
12.35862
12.372803
12.389233
12.404316
12.419033
12.43454
12.447041
12.463253
12.47786
12.491875
12.509953
12.524998
12.538681
12.553963
12.56789
12.582859
12.599251
12.612839
12.629307
12.642479
12.65844
12.673363
12.688076
12.703373
12.718128
12.733219
12.748913
12.763149
12.777203
12.792007
12.808964
12.822052
12.836567
12.852924
12.869534
12.88435
12.897945
12.913021
12.928017
12.942127
12.958736
12.972374
12.987743
13.004524
13.016171
13.033012
13.047569
13.061802
13.078243
13.094151
13.108128
13.122669
13.139202
13.152058
13.168636
13.180882
13.197342
13.214428
13.227467
13.242844
13.257351
13.273071
13.28933
13.302532
13.317986
13.332638
13.348774
13.361271
13.377079
13.392479
13.407925
13.421833
13.436836
13.451805
13.468437
13.482246
13.497181
13.512955
13.526978
13.543942
13.557564
13.5714
13.588314
13.603725
13.61795
13.631348
13.647087
13.663483
13.678452
13.691509
13.70702
13.721829
13.738796
13.752785
13.7677
13.78212
13.798122
13.812702
13.827766
13.842064
13.858185
13.871601
13.888145
13.901981
13.917301
13.933849
13.948463
13.961681
13.976677
13.99226
14.007603
14.0224
14.038212
14.052197
14.067867
14.082558
14.097992
14.112583
14.126694
14.142921
14.158249
14.173267
14.187923
14.204079
14.218296
14.233299
14.247623
14.261967
14.277744
14.291561
14.307747
14.321442
14.337597
14.351597
14.368115
14.38176
14.397015
14.411369
14.427723
14.442265
14.457707
14.473019
14.487763
14.502148
14.516964
14.53096
14.546242
14.561108
14.578163
14.590908
14.608292
14.622162
14.636162
14.652889
14.667706
14.681732
14.697762
14.712761
14.728375
14.741379
14.756592
14.771557
14.787689
14.801899
14.816948
14.831677
14.847809
14.86116
14.875835
14.89259
14.9062
14.921742
14.937546
14.951553
14.966881
14.982163
14.997059
15.012352
15.027092
15.041657
15.057098
15.072392
15.087181
15.101383
15.116108
15.132656
15.146759
15.162636
15.177025
15.192452
15.207035
15.221966
15.236778
15.251957
15.266792
15.281624
15.29657
15.313129
15.327118
15.341656
15.357918
15.372234
15.386211
15.403286
15.416714
15.431797
15.446278
15.461979
15.476109
15.49139
15.508183
15.520462
15.536259
15.551289
15.56546
15.581722
15.596829
15.611687
15.627266
15.641872
15.658203
15.671547
15.685539
15.701069
15.716373
15.731064
15.748039
15.761276
15.775982
15.791882
15.806427
15.820145
15.836464
15.851807
15.86504
15.882603
15.896633
15.909283
15.927158
15.941475
15.955517
15.971836
15.986057
16.002323
16.01635
16.030121
16.047585
16.061817
16.076771
16.092594
16.10601
16.12265
16.135796
16.150635
16.165833
16.181171
16.195816
16.212025
16.226288
16.241734
16.257275
16.271874
16.287117
16.300289
16.317581
16.332027
16.345478
16.361698
16.375473
16.391064
16.40622
16.420448
16.437401
16.451832
16.466133
16.480511
16.496582
16.510445
16.526119
16.539684
16.556755
16.572117
16.586247
16.601315
16.614964
16.631302
16.644161
16.661961
16.674999
16.690548
16.706238
16.720173
16.738026
16.750477
16.766213
16.781082
16.798176
16.809925
16.826119
16.841747
16.857193
16.872982
16.885197
16.901192
16.91647
16.931786
16.94553
16.960468
16.977398
16.990482
17.005974
17.022018
17.035732
17.050499
17.066593
17.079937
17.096188
17.110233
17.126
17.141556
17.154198
17.171524
17.185467
17.199631
17.216766
17.230846
17.246048
17.260536
17.274113
17.290314
17.30613
17.320019
17.335777
17.350491
17.36591
17.380756
17.396015
17.410873
17.42543
17.440929
17.454456
17.469475
17.484711
17.501728
17.515305
17.531559
17.545132
17.560509
17.574337
17.590515
17.6054
17.620148
17.635208
17.651096
17.664677
17.681442
17.695019
17.710163
17.725037
17.740521
17.75518
17.769581
17.784458
17.798561
17.815258
17.831226
17.846413
17.860157
17.877579
17.890102
17.90506
17.921524
17.934261
17.950745
17.965691
17.980587
17.995094
18.01041
18.02578
18.041077
18.054291
18.069958
18.086311
18.099949
18.115845
18.129875
18.146717
18.160076
18.176563
18.19083
18.204712
18.220665
18.234989
18.2505
18.266037
18.278477
18.295483
18.310696
18.323933
18.338951
18.355415
18.369808
18.385052
18.400085
18.415386
18.429764
18.445408
18.460075
18.477188
18.490593
18.505409
18.51894
18.535091
18.548538
18.565941
18.579575
18.595329
18.61158
18.624729
18.639805
18.655644
18.669903
18.685482
18.699112
18.715511
18.730518
18.743263
18.760284
18.774792
18.789455
18.805126
18.820526
18.834309
18.849575
18.865479
18.880829
18.893902
18.909855
18.925037
18.939148
18.954289
18.970146
18.98489
18.999359
19.016495
19.029293
19.044292
19.059513
19.074272
19.089619
19.105084
19.119114
19.133602
19.149979
19.165115
19.179977
19.194454
19.209965
19.224461
19.240536
19.254784
19.268562
19.285439
19.299889
19.315022
19.329605
19.344132
19.359985
19.374523
19.390427
19.402561
19.42001
19.433498
19.449402
19.462963
19.48082
19.496532
19.508896
19.524014
19.540707
19.553566
19.569592
19.585651
19.598736
19.61409
19.629059
19.644745
19.65852
19.673882
19.68988
19.704834
19.720631
19.733894
19.748135
19.764057
19.778709
19.795303
19.808952
19.824421
19.838905
19.853523
19.870136
19.884506
19.898827
19.9147
19.930214
19.943413
19.95969
19.974247
19.988796
20.005402
20.019623
20.033512
20.048161
20.064968
20.079487
20.093514
20.109268
20.123772
20.140308
20.15448
20.168358
20.183548
20.199707
20.2141
20.22876
20.245754
20.258087
20.273296
20.288387
20.303993
20.319645
20.334301
20.349087
20.363731
20.379608
20.393383
20.410103
20.42411
20.438213
20.453228
20.468067
20.485264
20.500759
20.51284
20.528931
20.543877
20.55854
20.573616
20.588734
20.603313
20.618122
20.633503
20.648586
20.663403
20.679138
20.693192
20.708
20.72546
20.737289
20.753105
20.769978
20.784115
20.798489
20.813778
20.829502
20.843395
20.857941
20.873886
20.888653
20.903019
20.919403
20.932201
20.948658
20.964081
20.977669
20.995052
21.00964
21.02343
21.038471
21.053139
21.068066
21.08271
21.09977
21.112724
21.129658
21.145428
21.159248
21.173832
21.188423
21.204231
21.216671
21.231262
21.247929
21.26326
21.279186
21.293282
21.308949
21.322872
21.338879
21.354435
21.368267
21.384312
21.398308
21.413757
21.428005
21.443253
21.458096
21.471893
21.48933
21.502575
21.518723
21.545517
21.545384
21.562828
21.577911
21.592697
21.60817
21.625076
21.638798
21.653824
21.668789
21.683952
21.698566
21.713165
21.728512
21.743656
21.758644
21.773068
21.787357
21.804043
21.818691
21.834065
21.846634
21.863796
21.877274
21.892372
21.909149
21.922741
21.93784
21.952835
21.969112
21.982723
21.996941
22.012981
22.028591
22.044556
22.059353
22.07431
22.088539
22.104153
22.117455
22.132896
22.146801
22.161614
22.177525
22.193535
22.207661
22.222618
22.238194
22.25214
22.267574
22.284161
22.299297
22.312607
22.328369
22.342861
22.357262
22.373814
22.388161
22.401459
22.418457
22.432335
22.447331
22.462761
22.478958
22.492638
22.507488
22.523373
22.537869
22.551857
22.566925
22.583412
22.597138
22.613979
22.628464
22.641468
22.657513
22.671246
22.687046
22.702343
22.717735
22.732586
22.746697
22.762478
22.780426
22.790062
22.808376
22.82246
22.835629
22.851772
22.865845
22.881199
22.896652
22.914055
22.926807
22.942486
22.956875
22.973282
22.986366
23.003712
23.01709
23.031948
23.047207
23.061493
23.076729
23.091282
23.10825
23.121689
23.136746
23.152821
23.167793
23.182026
23.198483
23.211006
23.226509
23.242344
23.256172
23.271999
23.287384
23.302231
23.316811
23.331963
23.347576
23.362637
23.378162
23.39175
23.407879
23.421425
23.438271
23.451164
23.466766
23.482609
23.496929
23.511292
23.526245
23.541687
23.55761
23.572289
23.587776
23.599876
23.618099
23.631767
23.646782
23.660389
23.677769
23.692246
23.707184
23.722004
23.735764
23.752579
23.766697
23.781464
23.797112
23.812363
23.827576
23.841438
23.858383
23.873467
23.887432
23.901348
23.917275
23.932407
23.946854
23.96138
23.977299
23.99371
24.007683
24.021977
24.037685
24.052639
24.066826
24.082501
24.097931
24.111992
24.126728
24.142204
24.156792
24.170914
24.186852
24.202171
24.217667
24.231007
24.245129
24.261345
24.277252
24.292408
24.304298
24.322132
24.336437
24.350311
24.368256
24.381809
24.397595
24.412659
24.426811
24.441765
24.455463
24.472523
24.486321
24.50108
24.516705
24.531704
24.545536
24.562538
24.576016
24.591454
24.607342
24.622356
24.636601
24.653416
24.665268
24.682289
24.69664
24.711842
24.727276
24.742077
24.757092
24.770893
24.783409
24.801483
24.817017
24.830463
24.844528
24.862873
24.875526
24.891174
24.906941
24.921772
24.937775
24.951027
24.967331
24.98106
24.996616
25.011665
25.026897
25.041161
25.05743
25.071877
25.08577
25.103134
25.11372
25.132023
25.146309
25.159626
25.17617
25.191681
25.206101
25.22163
25.236755
25.251709
25.265873
25.282867
25.295914
25.311546
25.325333
25.339981
25.356743
25.372757
25.38691
25.3997
25.417908
25.430306
25.444843
25.461041
25.475472
25.491348
25.504158
25.519196
25.533283
25.550125
25.56559
25.580368
25.595478
25.61084
25.624626
25.638508
25.65588
25.670349
25.686489
25.701389
25.715973
25.73362
25.745865
25.759098
25.776516
25.78894
25.8032
25.820152
25.836582
25.851467
25.865871
25.880756
25.895065
25.910343
25.926113
25.941677
25.954968
25.972446
25.986454
26.001736
26.01506
26.03204
26.04557
26.060299
26.076195
26.090122
26.106018
26.121342
26.134769
26.150517
26.165813
26.180248
26.195927
26.210873
26.226284
26.239903
26.255886
26.270348
26.28606
26.300709
26.315075
26.327934
26.344807
26.361382
26.373673
26.38937
26.406033
26.420158
26.434795
26.450924
26.467201
26.480148
26.495819
26.509579
26.526146
26.541794
26.555119
26.571091
26.585346
26.60059
26.614601
26.62907
26.646404
26.660622
26.674294
26.690239
26.704311
26.719803
26.735138
26.749535
26.765205
26.780827
26.79406
26.809761
26.82581
26.840294
26.853375
26.871162
26.884972
26.899143
26.915138
26.929264
26.946159
26.96191
26.976772
26.990574
27.004696
27.020939
27.035511
27.049011
27.065254
27.080395
27.094875
27.111034
27.125908
27.140053
27.155098
27.16919
27.183739
27.201454
27.21423
27.231297
27.244892
27.260136
27.275463
27.290054
27.304485
27.319504
27.334862
27.348675
27.365418
27.380486
27.395214
27.410122
27.424522
27.43951
27.453476
27.470242
27.484669
27.499584
27.51495
27.526856
27.542889
27.559208
27.575596
27.588463
27.606323
27.619949
27.633205
27.651234
27.666725
27.680801
27.695187
27.71019
27.724243
27.739491
27.755051
27.770241
27.782833
27.799793
27.815029
27.829876
27.845066
27.859097
27.872845
27.890137
27.904759
27.920681
27.935032
27.94696
27.964684
27.97897
27.992481
28.010407
28.024288
28.038899
28.052841
28.069061
28.085098
28.100285
28.113876
28.13089
28.144531
28.161671
28.175808
28.190411
28.202354
28.219788
28.235485
28.250019
28.261452
28.278942
28.294045
28.309956
28.321846
28.338787
28.355854
28.368328
28.38279
28.39975
28.413235
28.431103
28.444424
28.459473
28.474182
28.487232
28.503525
28.518452
28.533436
28.550133
28.563763
28.578774
28.593826
28.608116
28.623474
28.639317
28.656323
28.669125
28.682762
28.696785
28.712978
28.727219
28.743557
28.757809
28.776028
28.790546
28.80254
28.818058
28.834377
28.849091
28.861599
28.876228
28.891861
28.908161
28.92514
28.940083
28.954193
28.970711
28.984703
28.999786
29.012936
29.028175
29.045204
29.057632
29.070927
29.088089
29.103123
29.12048
29.13446
29.147472
29.163971
29.179699
29.193317
29.210293
29.221188
29.23917
29.253902
29.268955
29.283588
29.298878
29.312351
29.325272
29.344093
29.35471
29.371639
29.390404
29.400406
29.419083
29.434437
29.447994
29.463474
29.47897
29.494347
29.509663
29.524006
29.535179
29.551067
29.568554
29.581688
29.595337
29.614006
29.628323
29.641899
29.658714
29.673832
29.686558
29.700321
29.719318
29.734581
29.750401
29.763401
29.775246
29.794033
29.809757
29.825184
29.835354
29.852573
29.869099
29.882084
29.89946
29.910805
29.925289
29.943535
29.958256
29.973362
29.984634
30.002304
30.016449
30.03154
30.044087
30.061375
30.078713
30.092396
30.109581
30.125435
30.134373
30.149693
30.169876
30.182922
30.199432
30.21307
30.226734
30.24221
30.256214
30.272686
30.28413
30.299366
30.318249
30.330627
30.348827
30.364666
30.376835
30.392258
30.40929
30.423046
30.435467
30.450623
30.465099
30.48349
30.495327
30.510315
30.525829
30.541195
30.558373
30.56847
30.583244
30.602497
30.617237
30.631256
30.644093
30.659214
30.678013
30.692791
30.702976
30.723064
30.737133
30.753021
30.766327
30.782463
30.79739
30.809799
30.827061
30.840931
30.854885
30.87175
30.889298
30.904503
30.918156
30.93364
30.948719
30.960537
30.973671
30.994309
31.005127
31.017254
31.033726
31.049606
31.063469
31.084122
31.09708
31.112305
31.127216
31.140247
31.156071
31.172504
31.187725
31.198799
31.215698
31.230301
31.24762
31.263886
31.277607
31.292412
31.309589
31.320755
31.333778
31.350269
31.365616
31.38295
31.393757
31.410999
31.425892
31.440189
31.454884
31.469009
31.483669
31.50103
31.515984
31.532978
31.548077
31.558865
31.575306
31.590164
31.602627
31.618038
31.634815
31.648232
31.667591
31.679203
31.693913
31.706589
31.726929
31.73925
31.753937
31.771145
31.783691
31.800919
31.81517
31.831413
31.843662
31.860527
31.874836
31.889118
31.906841
31.923779
31.934391
31.950657
31.962418
31.981804
31.992012
32.009743
32.024185
32.037838
32.054115
32.068989
32.083088
32.097225
32.112747
32.132244
32.146011
32.159363
32.172836
32.187294
32.209263
32.219688
32.236515
32.250401
32.265877
32.278397
32.29266
32.307873
32.32312
32.33844
32.356392
32.36937
32.384049
32.398743
32.413574
32.42733
32.443459
32.461281
32.471832
32.487763
32.507958
32.517723
32.536491
32.54715
32.563004
32.579147
32.594101
32.610222
32.626556
32.638519
32.655136
32.666786
32.684753
32.697556
32.713356
32.729614
32.744164
32.758003
32.772034
32.789215
32.806404
32.817818
32.833412
32.848946
32.864327
32.87674
32.891808
32.907341
32.922676
32.937828
32.952522
32.96608
32.9832
32.99749
33.014084
33.027145
33.042168
33.060646
33.074432
33.0867
33.100632
33.118858
33.1315
33.147224
33.16333
33.177193
33.195969
33.206741
33.223587
33.238045
33.253021
33.269615
33.282715
33.297821
33.315025
33.326683
33.342842
33.356323
33.372726
33.388222
33.405235
33.417763
33.433449
33.449631
33.463402
33.480225
33.493317
33.508827
33.524361
33.536217
33.551994
33.568535
33.582848
33.597817
33.611656
33.628258
33.641579
33.658676
33.672005
33.688133
33.701218
33.719261
33.730911
33.748718
33.761681
33.779343
33.790726
33.80703
33.822029
33.835899
33.85183
33.867897
33.884033
33.89798
33.919823
33.925514
33.943855
33.957199
33.976067
33.985649
34.00412
34.018219
34.035629
34.048271
34.061607
34.079926
34.092087
34.107079
34.124931
34.136757
34.152
34.166451
34.184929
34.197586
34.213387
34.228027
34.242134
34.258583
34.271385
34.290436
34.302918
34.31855
34.336243
34.345421
34.361671
34.377678
34.392586
34.408226
34.42234
34.44204
34.45356
34.465279
34.484604
34.500092
34.511681
34.526566
34.541451
34.557091
34.570938
34.589333
34.600273
34.61721
34.63488
34.645599
34.660355
34.678124
34.689911
34.709312
34.722801
34.736481
34.752937
34.765183
34.782745
34.797485
34.810364
34.826477
34.840591
34.856117
34.873093
34.884827
34.900497
34.916481
34.932564
34.945747
34.961067
34.975983
34.99044
35.010025
35.021515
35.03614
35.050491
35.065186
35.080078
35.095482
35.111008
35.123543
35.144211
35.157875
35.170158
35.186356
35.199516
35.21489
35.229858
35.24617
35.264053
35.276482
35.291901
35.306229
35.320198
35.336281
35.351036
35.366074
35.381104
35.39637
35.414093
35.427193
35.441162
35.456215
35.470459
35.486221
35.503136
35.514687
35.530022
35.544876
35.559235
35.576073
35.590279
35.60611
35.623764
35.634079
35.651558
35.66687
35.680748
35.696121
35.710403
35.725548
35.740501
35.757202
35.771507
35.786476
35.800423
35.818665
35.829651
35.847824
35.860512
35.875725
35.891419
35.906364
35.920837
35.933746
35.950478
35.967476
35.979958
35.998924
36.011314
36.024872
36.040886
36.053658
36.071785
36.086807
36.100639
36.115959
36.130409
36.145378
36.160568
36.17524
36.191002
36.202995
36.220139
36.237892
36.249809
36.264938
36.285088
36.294846
36.311241
36.324547
36.341209
36.356529
36.370445
36.386993
36.400009
36.41407
36.430138
36.444099
36.462296
36.477448
36.494583
36.505089
36.521469
36.533829
36.549904
36.565697
36.580719
36.594223
36.608322
36.625633
36.638832
36.655411
36.66922
36.683968
36.70002
36.714256
36.72924
36.746544
36.762077
36.775116
36.789528
36.806992
36.822014
36.837105
36.851357
36.864624
36.880028
36.896774
36.909546
36.923897
36.941399
36.95726
36.970184
36.984139
36.9991
37.015877
37.028687
37.046448
37.058624
37.075584
37.090195
37.104813
37.119171
37.135727
37.150406
37.16507
37.181267
37.195023
37.210892
37.224907
37.242333
37.254471
37.270187
37.283882
37.300491
37.316727
37.330238
37.344681
37.359283
37.375595
37.389435
37.405396
37.418091
37.436409
37.45031
37.464775
37.478813
37.493691
37.510933
37.523514
37.540962
37.557549
37.569511
37.588089
37.599693
37.614655
37.628815
37.644173
37.657509
37.675728
37.687943
37.70678
37.71991
37.734688
37.750465
37.768044
37.778053
37.795647
37.808319
37.824562
37.838364
37.85408
37.869064
37.887886
37.89933
37.915077
37.92939
37.942123
37.957901
37.973312
37.990128
38.004578
38.019264
38.035347
38.049583
38.063072
38.079521
38.095039
38.110191
38.124916
38.141129
38.154343
38.168243
38.184265
38.199173
38.215073
38.228844
38.243942
38.25882
38.274796
38.288963
38.305893
38.320839
38.334717
38.347527
38.364914
38.377655
38.392342
38.41098
38.426216
38.437408
38.452499
38.46756
38.484558
38.500786
38.51561
38.529961
38.545517
38.559471
38.573608
38.588905
38.605904
38.617378
38.633446
38.650467
38.666084
38.678421
38.693207
38.708275
38.722984
38.739731
38.754387
38.767654
38.787483
38.79821
38.814583
38.829567
38.84388
38.858017
38.871407
38.88987
38.902641
38.9189
38.934609
38.947105
38.962822
38.978546
38.993713
39.007355
39.024971
39.038475
39.054367
39.066979
39.083069
39.098229
39.113571
39.128243
39.143272
39.157288
39.174034
39.18766
39.203796
39.219742
39.233254
39.247917
39.265106
39.279266
39.291962
39.308365
39.324898
39.336884
39.356461
39.367249
39.381867
39.398369
39.412544
39.429016
39.442665
39.457962
39.473358
39.488609
39.502632
39.517288
39.533966
39.547264
39.562439
39.576897
39.592934
39.608017
39.623528
39.639793
39.652367
39.668198
39.683281
39.698074
39.712387
39.728348
39.743118
39.758637
39.773293
39.789612
39.803368
39.817764
39.834366
39.848656
39.861931
39.878655
39.891884
39.906998
39.922165
39.938355
39.952042
39.969551
39.984261
39.998261
40.014023
40.028374
40.041328
40.058533
40.073265
40.089478
40.103798
40.11879
40.13195
40.146896
40.161652
40.179237
40.197273
40.207779
40.221748
40.237892
40.255043
40.26667
40.281731
40.297974
40.312065
40.327026
40.344902
40.358681
40.373673
40.387772
40.401726
40.418434
40.433113
40.446686
40.46228
40.477379
40.493492
40.506638
40.521401
40.538384
40.551872
40.566872
40.58387
40.598229
40.611176
40.628159
40.64193
40.655762
40.671364
40.689575
40.702858
40.71772
40.733452
40.747269
40.762642
40.778267
40.791573
40.80661
40.822876
40.836784
40.851524
40.868958
40.881821
40.896622
40.91375
40.929665
40.942192
40.957687
40.970398
40.98587
41.002411
41.016983
41.032028
41.048531
41.063026
41.076317
41.09407
41.110947
41.123589
41.136803
41.153832
41.165398
41.182922
41.197861
41.212128
41.225891
41.242691
41.257637
41.273712
41.287338
41.302933
41.31781
41.331825
41.345825
41.362373
41.377678
41.392639
41.40696
41.423737
41.437508
41.452202
41.467033
41.483368
41.497582
41.511437
41.528275
41.541618
41.557449
41.572792
41.586395
41.602097
41.616196
41.633064
41.646133
41.662773
41.676773
41.69352
41.707558
41.723389
41.737099
41.751381
41.765312
41.782669
41.799027
41.812752
41.827187
41.842758
41.856674
41.871429
41.887772
41.903969
41.916679
41.933113
41.945984
41.962257
41.977402
41.992142
42.006149
42.020996
42.036263
42.052437
42.066254
42.081406
42.095696
42.112328
42.127892
42.142654
42.156593
42.172104
42.186493
42.20192
42.215927
42.231697
42.245178
42.261238
42.277283
42.291809
42.30603
42.32209
42.336823
42.351654
42.365486
42.381439
42.397736
42.411415
42.427269
42.444283
42.455269
42.470375
42.485237
42.500382
42.516533
42.531082
42.547012
42.561783
42.578285
42.591904
42.60704
42.622299
42.636597
42.65136
42.667168
42.682755
42.696159
42.71138
42.727638
42.741554
42.757416
42.770821
42.787079
42.801094
42.815407
42.82991
42.846222
42.860169
42.876274
42.891586
42.907768
42.91922
42.936485
42.950493
42.967247
42.979767
42.996445
43.009377
43.024712
43.041428
43.056915
43.071167
43.086533
43.101479
43.116097
43.131287
43.146652
43.160881
43.174728
43.193375
43.20607
43.220436
43.235138
43.251503
43.264488
43.280083
43.297638
43.311668
43.326561
43.341003
43.355537
43.370865
43.387405
43.400398
43.416496
43.431915
43.447945
43.459763
43.475693
43.491554
43.50602
43.518898
43.536209
43.549255
43.566521
43.580208
43.597229
43.613426
43.627029
43.641571
43.657425
43.670509
43.68689
43.699699
43.7155
43.729523
43.748161
43.760704
43.77594
43.791458
43.807602
43.820923
43.835533
43.853401
43.865875
43.881714
43.895966
43.910721
43.926155
43.941765
43.955925
43.971474
43.985283
44.000748
44.016327
44.03096
44.047279
44.060074
44.075554
44.091637
44.105896
44.120224
44.135895
44.148949
44.167282
44.181549
44.196365
44.211067
44.226288
44.242424
44.256577
44.270851
44.285683
44.301224
44.316101
44.32991
44.345429
44.360863
44.375328
44.389381
44.405502
44.421639
44.43367
44.451546
44.465134
44.479729
44.495018
44.511604
44.525559
44.542465
44.555473
44.569603
44.585724
44.602463
44.616432
44.630318
44.645317
44.660164
44.673454
44.691429
44.705528
44.719475
44.737106
44.751556
44.764702
44.783058
44.794632
44.812386
44.824463
44.841759
44.857674
44.872482
44.886765
44.901718
44.916473
44.931992
44.944687
44.961174
44.978264
44.991875
45.005943
45.020706
45.035744
45.051506
45.066307
45.081268
45.09417
45.111397
45.127625
45.140533
45.156494
45.171616
45.187882
45.201347
45.216171
45.231361
45.246338
45.262383
45.277435
45.28994
45.306664
45.323189
45.336281
45.351585
45.366432
45.381302
45.396034
45.412117
45.426239
45.441979
45.457466
45.471611
45.487648
45.501289
45.516625
45.532402
45.546242
45.56337
45.575722
45.592766
45.607124
45.620995
45.638344
45.652084
45.666084
45.681671
45.698288
45.711037
45.729454
45.7426
45.75592
45.77272
45.788696
45.802521
45.816757
45.831718
45.847443
45.861534
45.877708
45.892326
45.908814
45.920082
45.937752
45.951981
45.968826
45.982002
45.998352
46.013481
46.027679
46.042305
46.057678
46.073257
46.087639
46.102028
46.117485
46.130173
46.147995
46.162148
46.177177
46.192703
46.207565
46.222
46.23822
46.255676
46.267967
46.284302
46.300041
