342.17923
1369.875
2349.4189
3245.3188
4145.436
4880.7231
5617.8364
6555.5596
7497.9668
8354.4189
9139.1191
9718.5811
10413.826
11013.561
11671.394
12360.844
12900.524
13511.479
13956.3
14397.694
14838.174
15292.407
15704.547
16123.919
16642.266
17031.963
17402.697
17802.084
18098.688
18409.949
18693.969
19116.467
19500.443
19697.018
20011.844
20226.943
20455.77
20713.119
20848.531
21081.746
21288.084
21425.775
21627.15
21841.168
22008.316
22184.625
22355.963
22577.264
22760.85
22931.768
23118.576
23256.066
23430.322
23592.301
23787.707
23922.012
24120.447
24277.992
24506.385
24684.807
24842.406
24955.594
25106.473
25239.1
25388.061
25535.756
25674.053
25933.721
26087.738
26181.91
26354.828
26449.799
26564.627
26648.617
26862.094
27066.373
27198.896
27316.867
27444.721
27627.156
27777.213
27833.643
27974.375
28126.527
28245.094
28393.811
28489.053
28616.789
28705.771
28844.045
28974.939
29062.967
29196.146
29268.338
29362.682
29455.834
29507.463
29608.406
29674.746
29768.479
29838.975
29879.467
29970.938
30013.307
30042.154
30171.389
30221.656
30277.615
30285.416
30386.641
30423.77
30408.701
30390.742
30390.256
30380.051
30367.133
30367.717
30347.207
30267.328
30251.947
30214.135
30277.781
30306.016
30233.559
30305.986
30344.332
30365.924
30387.609
30451.072
30412.129
30474.707
30444.482
30529.271
30456.936
30376.104
30381.414
30371.887
30444.832
30533.123
30501.059
30654.414
30657
30741.67
30771.457
30885.586
30927.816
30993.58
31055.445
31084.039
31151.502
31258.777
31267.41
31363.445
31298.297
31354.906
31423.484
31466.217
31488.025
31526.66
31594.936
31662.162
31582.928
31611.344
31562.512
31522.916
31514.557
31421.098
31363.674
31316.613
31214.6
31274.111
31227.26
31161.506
31184.018
31219.238
31170.742
31143.674
31056.93
31116.535
31098.533
31116.191
31116.59
31071.428
30970.068
30920.441
30814.848
30816.77
30665.721
30564.912
30540.236
30547.955
30455.91
30498.133
30452.322
30518.541
30612.764
30593.629
30604.379
30658.563
30667.076
30778.199
30836.668
30869.93
30925.256
30935.684
31020.168
31056.42
31149.889
31224.365
31252.607
31301.258
31372.045
31344.686
31369.797
31338.938
31319.412
31305.338
31311.529
31155.143
31027.383
30941.994
30804.703
30759.676
30766.561
30755.473
30779.805
30739.717
30764.381
30755.064
30828.77
30804.922
30798.225
30782.469
30748.92
30749.602
30722.934
30626.76
30622.217
30566.84
30513.422
30592.605
30626.658
30610.814
30626.604
30693.217
30836.42
30850.771
30863.705
30882.854
30863.576
30829.549
30833.176
30749.443
30731.5
30657.943
30588.594
30470.104
30384.779
30299.441
30246.975
30278.104
30219.957
30177.178
30220.557
30146.219
30234.332
30228.895
30238.09
30293.137
30366.799
30365.23
30467.855
30471.887
30542.932
30513.115
30544.475
30493.506
30422.734
30467.594
30369.914
30404.531
30389.586
30394.58
30361.537
30322.354
30373.334
30402.92
30412.816
30403.846
30393.914
30473.514
30553.701
30578.932
30728.828
30817.867
30902.303
30962.816
30987.553
31131.1
31180.68
31191.594
31253.459
31278.662
31361.932
31388.309
31356.047
31350.334
31307.949
31328.676
31299.674
31262.121
31225.691
31177.189
31107.605
31083.148
30999.369
30927.346
30868.98
30770.611
30745.869
30632.738
30578.227
30521.092
30556.289
30536.01
30624.523
30666.152
30674.926
30734.426
30802.643
30881.857
30985.002
31053.904
31138.27
31181.953
31214.564
31348.352
31404.729
31378.891
31483.477
31481.143
31552.613
31564.055
31585.445
31616.281
31651.984
31645.158
31661.342
31673.004
31698.396
31632.42
31627.715
31676.846
31608.033
31422
31299.611
31225.766
31113.361
31099.438
31040.4
31072.729
31072.135
31100.084
31142.734
31147.094
31175.496
31235.734
31157.451
31099.73
31095.998
31103.125
31141.797
31158.041
31135.496
31179.703
31180.568
31190.01
31145.059
31126.99
31027.963
30974.139
30709.227
30701.703
30718.521
30774.537
30759.521
30763.727
30780.719
30885.15
30959.461
31069.326
31218.26
31317.123
31446.363
31607.324
31701.701
31833.098
31894.723
31978.615
32085.373
32164.195
32192.631
32253.33
32280.979
32344.266
32387.227
32406.219
32442.016
32484.822
32491.584
32539.314
32527.459
32581.867
32568.051
32637.402
32689.693
32686.318
32697.293
32751.121
32757.848
32770.902
32787.664
32785.746
32873.871
32896.402
32885.953
32926.867
32962.793
32986.738
32990.41
32987.512
33035.773
33067.859
33084.871
33092.504
33114.512
33158.949
33186.605
33182.199
33241.082
33238.98
33231.254
33304.184
33282.008
33253.566
33322.02
33359.105
33357.914
33408.035
33409.941
33419.98
33467.164
33455.863
33498.871
33478.113
33495.676
33548.781
33520.594
33544.879
33580.684
33604.453
33652.93
33657.414
33618.816
33716.078
33724.137
33727.172
33734.578
33755.238
33775.004
33814.441
33812.211
33801.871
33826.906
33856.176
33860.926
33871.879
33904.539
33926.016
33936.043
33980.645
33980.59
33973.914
34019.871
34035.07
34040.434
34069.16
34076.836
34080.434
34121.098
34117.973
34139.727
34134.816
34154.07
34194.219
34195.465
34230.336
34251.848
34266.656
34279.32
34291.465
34277.363
34329.754
34365.996
34346.727
34323.867
34343.016
34411.234
34383.926
34446.699
34428.23
34441.41
34500.238
34493.414
34466.555
34535.34
34536.09
34548.168
34567.469
34587.777
34560.227
34616.703
34630.867
34614.285
34644.52
34677.602
34652.535
34711.727
34697.785
34681.555
34713.281
34742.758
34717.008
34751.406
34748.438
34798.34
34816.082
34823.109
34854.797
34843.18
34875.531
34905.641
34875.883
34917.355
34938.395
34929.941
34958.926
34963.793
34938.793
34990.379
35017.508
35026.398
35051.871
35059.301
35021.953
35073.16
35107.488
35084.684
35086.047
35130.012
35152.496
35160.023
35155.34
35159.645
35149.309
35188.57
35202.199
35184.398
35203.695
35246.512
35267.148
35283.871
35265.875
35298.301
35290.059
35274.961
35322.367
35354.898
35347.59
35408.781
35362.707
35381.434
35409.539
35401.766
35434.617
35440.52
35430.605
35439.559
35466.816
35496.461
35468.949
35511.699
35533.988
35509.527
35558.148
35601.602
35548.328
35564.148
35565.324
35562.668
35584.559
35610.125
35596.711
35648.457
35698.949
35646.262
35665.082
35693.383
35675.309
35695.344
35729.836
35741.465
35709.273
35762.051
35786.508
35749.004
35749.605
35779.918
35792.055
35846.625
35851.242
35823.477
35835.773
35865.738
35863.316
35874.977
35886.844
35900.258
35906.434
35892.574
35921.664
35913.82
35933.789
35949.109
35970.402
36013.215
35972.738
35949.137
36033.203
36039.348
36030.914
36031.602
36047.539
36044.09
36090.203
36096.684
36069.566
36095.73
36100.367
36120.715
36099.082
36136.992
36156.102
36145.25
36188.328
36165.121
36162.668
36174.785
36205.254
36220.801
36187.766
36226.695
36234.438
36208.648
36292.309
36261.957
36251.844
36296.305
36313.703
36321.16
36316.805
36297.195
36296.383
36335.309
36362.094
36334.082
36348.516
36383.512
36407.348
36394.125
36410.555
36408.109
36424.441
36445
36431.145
36430.582
36467.691
36449.043
36451.477
36493.707
36462.223
36418.699
36521.684
36533.703
36524.039
36544.355
36537.59
36507.113
36529.953
36566.934
36560.336
36571.781
36627.586
36592.672
36597.164
36628.707
36600.617
36611.52
36644.434
36660.48
36638.859
36657.531
36661.672
36662.582
36722.703
36692.914
36674.18
36739.984
36725.027
36706.035
36762.406
36721.23
36688.605
36739.266
36799.496
36744.129
36780.063
36822.18
36786.789
36768.836
36824.207
36804.859
36822.934
36855.473
36842.68
36820.613
36876.176
36864.305
36861.352
36808.078
36862.148
36908.785
36872.348
36930.918
36880.699
36897.352
36934.211
36951.215
36914.633
36960.922
36977.375
36936.281
36974.777
36971.844
36938.281
36994.195
37000.383
36987.727
37028.867
37037.469
37017.207
37031.27
37055.059
37041.098
37001.164
37060.172
37088.965
37088.074
37117.82
37099.602
37073.527
37109.633
37114.566
37068.762
37109.328
37152.914
37128.961
37157.961
37140.551
37100.891
37119.059
37176.93
37165.008
37139.125
37183.039
37190.281
37183.438
37231.75
37203.832
37181.078
37238.445
37250.027
37242.207
37263.695
37248.035
37253.238
37273.922
37238.586
37248.848
37274.504
37325.402
37297.473
37288.914
37328.418
37288.52
37308.418
37348.672
37311.605
37309.746
37347.344
37381.398
37370.551
37357.016
37328.688
37283.805
37336.609
37400.629
37359.711
37399.617
37409.047
37411.945
37372
37411.852
37422.52
37411.41
37450.93
37450.148
37441.52
37459.707
37452.445
37448.941
37462.078
37477.063
37479.57
37506.949
37523.684
37485.406
37492.043
37502.809
37485.914
37499.969
37541.895
37510.125
37513.262
37570.188
37501.508
37530.32
37525.418
37577.762
37549.84
37574.188
37573.73
37553.605
37595.121
37622.52
37588.121
37583.141
37627.359
37625.23
37617.285
37638.871
37621.453
37556.09
37640.508
37653.93
37601.418
37694.953
37669.762
37649.359
37703.957
37682.422
37645.574
37682.5
37699.965
37676.016
37728.172
37687.945
37690.906
37720.082
37740.895
37699.152
37724.789
37772.586
37735.871
37735.777
37771.465
37744.504
37706.953
37783.773
37758.254
37756.016
37792.426
37799.227
37784.547
37794.59
37780.711
37788.375
37818.156
37804.68
37820.125
37820.043
37837.477
37833.23
37788.648
37842.672
37818.285
37833.551
37841.414
37852.441
37856.551
37864.672
37886.121
37865.145
37869.813
37884.059
37848.5
37894.367
37913.754
37903.219
37915.117
37933.441
37892.469
37858.949
37932.148
37933.43
37904.316
37960.281
37936.305
37917.137
37961.508
37929.168
37949.141
37974.582
37991.129
37955.34
37972.367
38007.43
37941.43
37955.59
37999.672
37956.055
37994.848
38025.207
38010.27
37968.395
38040.074
38001.52
37984.762
38024.289
38034.617
38014.824
38062.488
38065.836
37991.645
38056.637
38068.414
38002.941
38046.148
38058.777
38046.461
38082.918
38100.281
38097.676
38061.02
38110.465
38044.078
38091.16
38141.113
38060.926
38069.742
38096.598
38126.566
38087.086
38088.805
38137.879
38109.254
38154.555
38170.531
38091.387
38136.441
38144.922
38150.289
38178.805
38167.957
38143.82
38127.184
38189.98
38162.418
38140.43
38179.426
38180.77
38171.883
38203.445
38171.98
38166.918
38204.449
38194.227
38181.516
38208.848
38206.316
38178.652
38205.605
38247.137
38208.484
38196.715
38263.422
38258.09
38219.59
38262.875
38272.738
38246.012
38265.996
38264.594
38205.688
38247.148
38290.184
38248.652
38291.285
38268.59
38276.844
38298.203
38287.148
38265.859
38268.969
38337.906
38322.527
38244.551
38289.891
38274.641
38264.332
38300.035
38269.715
38308.281
38335.277
38358.656
38331.926
38317.504
38341.555
38300.207
38309.188
38371.285
38348.926
38342.551
38380.57
38356.113
38340.645
38370.938
38350.645
38337.973
38400.902
38378.973
38362.625
38405.355
38382.426
38348.434
38382.844
38402.648
38370.914
38389.332
38427.168
38392.934
38370.141
38409.496
38368.363
38367.965
38402.633
38395.348
38408.547
38470.477
38412.977
38420.992
38437.547
38403.484
38428.168
38455.461
38454.75
38425.484
38469.457
38465.277
38413.852
38436.176
38442.938
38469.082
38472.156
38479.52
38473.305
38450.867
38499.926
38455.32
38438.012
38510.602
38466.027
38443.816
38481.641
38514.57
38484.141
38475.035
38496.059
38490.402
38475.918
38510.953
38470.34
38534.852
38509.996
38485.859
38494.699
38527.969
38521.965
38513.371
38540.723
38553.266
38537.117
38539.332
38539.402
38482.898
38524.387
38555.711
38527.418
38549.211
38560.891
38516.527
38534.117
38572.672
38532.625
38506.227
38583.516
38567.301
38551.434
38579.246
38536.605
38557.73
38617.047
38586.082
38594.176
38581.434
38570.754
38529.582
38586.152
38584.852
38567.281
38609.617
38617.453
38578.332
38610.645
38585.844
38581.055
38579.699
38642.586
38602.125
38571.5
38600.602
38651.305
38617.008
38614.512
38581.707
38602.379
38640.535
38640.195
38610.145
38643.176
38644.457
38643.23
38600.684
38648.27
38644.773
38632.078
38678.465
38636.625
38640.316
38665.68
38602.402
38639
38634.375
38668.297
38672.109
38692.18
38682.48
38628.969
38650.004
38673.785
38655.492
38693.617
38672.703
38682.457
38639.563
38694.512
38679.117
38631.758
38697.797
38670.75
38662.223
38709.703
38696.906
38671.684
38721.902
38687.746
38697.98
38700.523
38710.105
38717.406
38695.23
38715.156
38664.195
38645.203
38748.184
38730.156
38665.258
38739.043
38700.816
38723.672
38748.555
38711.844
38680.672
38731.965
38739.113
38662.324
38726.762
38775.195
38707.254
38755.457
38710.801
38715.551
38741.109
38758.055
38749.066
38713.09
38780.547
38759.078
38682.531
38783.285
38725.828
38707.867
38762.387
38789.832
38726.59
38768.582
38748.578
38739.891
38740.984
38830.699
38754.805
38739.902
38783.23
38743.723
38730.543
38773.328
38719.078
38757.031
38812.156
38771.684
38771.355
38817.355
38757.754
38756.262
38795.66
38782.266
38766.305
38816.188
38800.621
38792.672
38830.031
38783.215
38785.406
38764.336
38823.078
38811.605
38768.18
38837.785
38751.773
38783.891
38832.418
38797.949
38777.191
38829.047
38809.344
38794.453
38744.023
38785.707
38762.215
38781.875
38838.703
38788.453
38860.254
38851.969
38821.012
38777.285
38832.898
38825.488
38800.723
38841.852
38845.766
38810.598
38851.277
38813.102
38799.523
38843.313
38857.332
38821.797
38838.785
38843.863
38823.715
38796.547
38857.473
38847.488
38822.793
38899.219
38822.652
38800.734
38864.539
38814.996
38830.383
38834.879
38846.254
38796.242
38855.316
38849.191
38830.367
38854.098
38859.012
38824.625
38837.57
38876.219
38840.563
38872.859
38887.98
38885.449
38812.211
38894
38858.66
38834.504
38900.605
38855.508
38839.887
38910.379
38854.57
38816.422
38869.633
38876.516
38857.797
38834.371
38890.488
38850.793
38839.91
38893.863
38857.93
38887.801
38912.191
38871.152
38855.754
38904.523
38813.621
38849.906
38889.371
38871.176
38848.875
38886.363
38912.637
38851.484
38900.691
38871.727
38853.898
38865.316
38908.148
38888.684
38886.969
38913.727
38890.406
38838.723
38926.453
38866.059
38857.68
38914.234
38890.023
38895.391
38898.309
38873.18
38870.914
38862.902
38935.277
38895.02
38869.645
38935.148
38906.051
38874.23
38900.633
38849.16
38857.23
38925.719
38938.531
38869.398
38927.273
38912.676
38866.949
38900.066
38901.383
38840.121
38921.066
38938.984
38868.09
38893.777
38886.414
38877.07
38890.398
38942.699
38913.344
38891.582
38933.828
38887.113
38869.453
38928.766
38904.324
38926.254
38928.176
38929.211
38897.426
38883.801
38910.332
38866.535
38887.84
38941.578
38866.258
38908.633
38917.445
38877.926
38887.426
38940.773
38907.52
38903.527
38951.535
38915.793
38888.738
38927.418
38883.188
38847.43
38903.871
38916.902
38904.918
38926.188
38922.57
38919.922
38911.773
38903.734
38915.32
38881.508
38968.137
38934.043
38901.016
38961.371
38886.578
38897.145
38943.832
38914.254
38924.398
38880.289
38963.262
38896.031
38928.281
38899.113
38859.887
38921.563
38916.77
38897.82
38922.941
38890.512
38922.668
38887.84
38928.574
38908.906
38900.594
38955.637
38925.578
38912.715
38936.199
38926.488
38888.926
38889.379
38907.914
38883.98
38916.484
38930.832
38933.426
38898.52
38942.293
38896.895
38871.02
38964.629
38914.66
38914.266
38971.664
38900.324
38910.457
38872.805
38885.359
38856.102
38906.766
38941.215
38913.984
38941
38927.242
38905.52
38916.16
38911.957
38934.391
38898.695
38942.152
38918.773
38877.25
38935.648
38882.914
38869.988
38963.535
38892.816
38904.746
38935.59
38913.984
38926.582
38884.531
38888.875
38888.59
38918.664
38912.922
38918.945
38876.031
38936.352
38861.898
38891.848
38915.859
38892.336
38913.566
38927.855
38892.219
38892.105
38896.293
38910.34
38883.293
38931.023
38928.438
38876.52
38917.832
38916.145
38908.121
38909.074
38892.984
38918.719
38877.34
38932.984
38885.301
38890.379
38910.375
38858.961
38887.777
38919.855
38891.961
38903.059
38858.844
38917.715
38869.41
38854.465
38904.074
38892.98
38862.051
38940.145
38878.996
38867.766
38879.945
38857.52
38875.836
38931.535
38889.914
38876.164
38907.746
38907.445
38861.719
38909.063
38872.871
38866.797
38922.082
38893.309
38873.133
38902.254
38870.074
38875.391
38847.602
38909.363
38867.109
38855.906
38898.051
38862.004
38873.176
38891.855
38846.793
38868
38889.621
38876.758
38853.25
38878.734
38890.055
38826.184
38858.715
38837.555
38820.172
38907.453
38885.684
38846.469
38868.469
38868.223
38838.672
38818.688
38863.004
38852.84
38850.406
38889.242
38867.133
38826.984
38866.242
38810.02
38818.84
38826.715
38873.336
38843.289
38851.254
38880.281
38839.766
38806.785
38855.234
38840.348
38844.785
38880.586
38823.074
38833.297
38847.152
38811.816
38808.402
38823.813
38841.102
38771.559
38862.07
38837.285
38806.395
38848.129
38779.344
38793.988
38829.914
38857.207
38836.207
38812.305
38813.258
38775.883
38764.41
38818.695
38785.117
38802.93
38835.441
38814.91
38801.746
38814.727
38796.602
38768.637
38793.504
38811.938
38788.004
38808.582
38814.977
38752.516
38783.129
38778.809
38762.977
38772.84
38826.594
38757.906
38773.355
38777.801
38776.266
38748.184
38800.102
38752.957
38744.254
38795.516
38739.684
38726.594
38772.277
38715.129
38723.633
38719.551
38795.555
38757.434
38748.176
38766.398
38702.656
38714.082
38772.957
38733.402
38734.73
38748.391
38716.914
38714.148
38731.25
38719.012
38698.641
38728.66
38731.164
38699.094
38733.082
38718.402
38676.277
38685.402
38699.203
38672.375
38659.945
38701.25
38688.918
38695.664
38715.871
38651.738
38665.871
38703.16
38675.531
38668.355
38717.602
38660.879
38680.25
38633.07
38630.469
38634.211
38633.285
38675.645
38656.438
38634.848
38698.004
38615.297
38631.227
38622.273
38618.258
38627.652
38626.145
38614.711
38590.094
38612.504
38588.66
38551.855
38594.898
38590.211
38583.129
38603.004
38582.945
38586.125
38551.301
38587.977
38527.836
38554.711
38607.613
38558.16
38537.172
38597.707
38523.27
38527.309
38545.84
38528.473
38503.32
38552.086
38514.355
38477.688
38495.449
38487.504
38462.254
38487.965
38521.324
38443.391
38458.285
38484.012
38416.816
38463.059
38443.594
38437.16
38403.699
38456.039
38415.875
38400.305
38419.34
38368.738
38375.297
38419.465
38359.176
38372.859
38368.457
38363.977
38334.816
38328.859
38332.316
38296.832
38323.328
38338.719
38276.586
38287.348
38290.797
38270.266
38239.219
38287.527
38206.543
38195.613
38230.652
38208.48
38166.18
38199.922
38179.23
38131.16
38159.172
38184
38121.152
38148.023
38117.215
38088.715
38065.18
38096.977
38055.449
38036.555
38075.152
38034.578
38007.125
38031.008
37948.844
37960.438
37985.383
37933.043
37914.098
37908.602
37930.551
37869.77
37870.996
37879.684
37807.715
37803.031
37812.355
37787.5
37796.258
37770.387
37739.23
37682.867
37733.434
37715.395
37671.035
37685.109
37649.676
37581.02
37596.473
37587.008
37513.578
37535.922
37542.477
37483.48
37494.578
37480.91
37440.527
37402.824
37442.59
37373.676
37364.512
37379.016
37286.563
37294.488
37308.723
37217.051
37227.43
37205.254
37194.285
37156.465
37157.828
37137.262
37062.758
37085.207
37034.355
36987.875
36997.098
36980.789
36946.766
36909.125
36923.746
36870.109
36791.555
36844.438
36783.703
36745.797
36798.477
36689.875
36658.512
36630.277
36631.145
36585.398
36596.301
36555.371
36514.797
36519.285
36445.676
36408.848
36387.129
36413.594
36300.266
36309.461
36324.348
36239.453
36236.863
36197.254
36172.238
36124.125
36104.816
36087.121
36011.043
36027.32
35987.508
35904.199
35916.164
35856.422
35823.195
35778.883
35804.934
35751.121
35679.07
35709.859
35614.297
35573.367
35588.805
35493.875
35497.297
35462.016
35406.711
35412.457
35354.988
35286.633
35287.496
35236.27
35213.016
35158.453
35138.539
35111.805
35042.344
35017.695
34994.98
34908.293
34896.105
34883.746
34821.797
34780.324
34735.324
34690.48
34629.18
34633.492
34574.852
34489.773
34542.816
34445.051
34369.453
34386.949
34298.676
34264.551
34181.395
34193.445
34118.504
34111.289
34121.844
33971.043
33986.688
33941.84
33869.879
33830.988
33803.602
33741.438
33692.66
33641.426
33603.93
33539.367
33509.391
33465.781
33385.156
33389.332
33321.926
33247.559
33231
33172.59
33092.832
33076.293
33021.113
32976.363
32887.16
32898.707
32790.668
32705.754
32716.93
32660.533
32582.303
32570.785
32493.457
32445.029
32389.789
32345.828
32276.867
32223.926
32180.363
32105.588
32068.889
32036.041
31896.443
31894.256
31835.598
31770.318
31694.717
31693.809
31582.17
31515.188
31462.475
31413.484
31326.893
31341.072
31221.404
31163.176
31126.428
31041.357
30958.158
30932.625
30856.309
30802.266
30710.084
30715.852
30599.096
30515.656
30510.01
30398.133
30323.309
30295.725
30157.596
30155.527
30096.049
29996.566
29931.209
29873.344
29792.283
29698.367
29680.867
29603.211
29473.086
29483.475
29354.193
29275.949
29244.102
29115.316
29074.816
28994.02
28914.104
28846.311
28746.811
28731.16
28620.871
28529.318
28514.66
28370.674
28314.355
28252.293
28155.309
28044.533
28018.592
27869.496
27821.859
27731.322
27666.818
27555.002
27514.016
27412.41
27302.533
27236.951
27178.914
27023.607
26975.645
26864.512
26767.482
26686.432
26600.475
26498.41
26392.768
26334.287
26205.762
26135.631
26073.441
25920.137
25850.658
25732.891
25639.086
25524.953
