283.79724
1127.7012
1945.1201
2691.6707
3448.9912
4152.7046
4769.5723
5353.7085
6212.2788
6975.5015
7652.8525
8389.2354
9001.5293
9571.2305
10190.675
10728.274
11267.522
11823.469
12402.182
12908.922
13403.483
13896.669
14322.224
14696.907
15086.146
15435.441
15825.978
16287.203
16568.1
16988.232
17355.221
17736.533
18069.432
18469.324
18846.779
19213.605
19590.639
19988.994
20270.658
20651.328
20985.959
21345.543
21637.592
22054.068
22380.76
22673.396
23041.926
23308.969
23565.723
23921.67
24154.99
24475.674
24779.186
25063.203
25325.98
25593.76
25853.113
26110.779
26354.313
26603.777
26771.928
27033.307
27273.721
27495.332
27725.66
27993.725
28184.174
28400.557
28671.049
28878.617
29047.361
29301.898
29495.303
29668.551
29853.643
30010.346
30072.615
30259.84
30307.779
30345.166
30378.594
30371.865
30364.756
30339.705
30363.303
30417.619
30393.578
30481.377
30406.539
30452.143
30456.209
30424.762
30411.545
30410.072
30432.035
30407.445
30514.563
30523.156
30504.471
30583.891
30557.328
30551.939
30610.348
30587.219
30608.42
30635.271
30598.34
30595.963
30595.658
30653.863
30679.551
30674.777
30785.477
30742.875
30769.975
30834.061
30840.578
30833.209
30868.344
30831.201
30829.699
30864.746
30957.24
30965.471
31023.545
31085.979
31084.059
31130.1
31185.672
31218.365
31311.547
31375.115
31446.141
31495.59
31558.363
31611.998
31661.689
31750.338
31770.258
31819.77
31895.965
31908.838
32003.15
32041.623
32081.543
32134.018
32180.115
32223.512
32258.092
32297.844
32396.4
32382.141
32470.928
32517.945
32563.316
32613.156
32681.721
32752.021
32782.668
32836.898
32897.238
32910.473
33000.695
33029.148
33065.836
33139.355
33158.07
33214.141
33293.652
33333.832
33399.012
33449.531
33475.836
33530.797
33569.063
33657.82
33675.828
33740.516
33809.164
33815.848
33864.789
33955.824
33942.066
33996.977
34060.074
34122.773
34159.332
34217.406
34299.563
34296.09
34363.738
34420.16
34444.73
34514.738
34556.082
34617.031
34660.059
34707.125
34760.145
34764.777
34852.75
34916.02
34910.43
35020.789
35032.52
35063.594
35137.531
35177.254
35213.93
35266.797
35338.313
35355.176
35414.391
35477.547
35464.852
35560.141
35601.801
35639.48
35691.133
35763.066
35762.438
35823.824
35876.664
35924.117
35942.211
35969.77
36067.887
36083.633
36149.563
36213.352
36201.063
36279.031
36325.941
36358.121
36399.859
36448.391
36500.012
36494.914
36585.934
36626.023
36647.309
36738.375
36740.898
36816.629
36851.969
36862.359
36929.727
36967.895
37005.023
37043.922
37088.344
37165.965
37159.316
37229.094
37284.91
37314.188
37364.023
37401.715
37422.055
37454.961
37547.406
37566.57
37584.273
37659.281
37697.523
37686.066
37768.395
37821.641
37826.129
37906.109
37926.828
37949.047
38018.965
38036.738
38089.219
38098.746
38160.664
38184.664
38234.664
38301.883
38313.598
38342.203
38388.266
38446.945
38477.707
38516.445
38589.355
38585.813
38661.176
38688.297
38671.926
38754.055
38805.887
38815.16
38894.73
38896.461
38938.438
38986.129
39042.664
39052.984
39075.215
39133.906
39187.746
39187.418
39255.598
39223.422
39283.98
39329.125
39358.738
39408.355
39449.008
39484.297
39527.605
39562.223
39609.551
39612.855
39649.52
39724.602
39743.844
39779.32
39829.93
39820.426
39887.102
39919.234
39949.301
39968.258
40016.887
40072.918
40087.203
40139.328
40145.777
40182.734
40243.254
40248.723
40300.613
40328.449
40349.98
40373.645
40406.012
40471.141
40503.105
40506.27
40570.574
40583.344
40617.855
40665.383
40681.684
40716.844
40743.172
40788.016
40799.023
40848.398
40892.207
40905.414
40946.117
40989.512
40980.805
41051.48
41085.055
41094.379
41156.633
41181.746
41181.852
41232.43
41273.832
41310.98
41298.176
41347.672
41370.023
41376.406
41466.199
41481.906
41499.168
41544.828
41552.277
41602.977
41630.848
41662.266
41677.063
41682.316
41757.172
41769.316
41811.777
41851.09
41844.656
41897.801
41921.324
41954.996
41982.672
41988.32
42015.211
42036.797
42095.828
42138.473
42156.711
42187.883
42198.156
42217.832
42267.613
42273.371
42297.523
42330.063
42371.797
42389.602
42422.133
42481.395
42479.16
42477.852
42535.824
42561.262
42594.504
42646.445
42600.406
42653.043
42687.895
42716.73
42751.25
42785.801
42807.559
42805.543
42847.992
42907.648
42882.219
42925.395
42937.676
42993.285
43026.891
43059.91
43024.883
43036.16
43069.383
43148.004
43152.316
43183.922
43182.227
43211.027
43280.879
43310.809
43273.711
43327.016
43355.16
43406.227
43417.633
43431.676
43432.629
43463.688
43533.629
43541.836
43517.48
43571.254
43562.945
43638.316
43649.887
43644.191
43658.438
43695.594
43745.621
43778.176
43771.754
43787.926
43768.27
43866.902
43897.078
43873.941
43893.754
43933.891
43982.992
44005.898
44014.016
44000.328
43999.836
44077.711
44116.309
44098.484
44127.328
44157.906
44166.141
44221.629
44232.438
44207.602
44228.941
44289.734
44334.574
44325.984
44325.371
44348.875
44365.41
44439.418
44425.18
44437.016
44459.117
44461.246
44524.539
44539.656
44542.137
44548.512
44565.84
44649.965
44629.855
44644.598
44674.531
44672.855
44728.676
44766.773
44726.066
44750.582
44777.176
44826.75
44820.418
44858.77
44851.215
44854.203
44899.203
44965.09
44932.059
44951.055
44971.766
44994.531
45044.363
45041.266
45016.813
45033.98
45046.832
45122.797
45137.758
45148.875
45124.836
45175.211
45229.168
45211.836
45224.484
45230.063
45251.527
45295.359
45296.555
45327.938
45293.594
45345.398
45374.387
45374.129
45402.355
45404.375
45382.219
45461.043
45445.215
45465.051
45456.676
45480.348
45502.438
45523.711
45542.41
45512.496
45517.816
45563.16
45594.215
45561.082
45601.16
45593.801
45618.969
45676.969
45670.027
45661.5
45671.617
45724.477
45716.934
45742.539
45765.305
45735.234
45761.871
45790.508
45795.594
45832.254
45817.434
45815.43
45832.344
45877.887
45892.742
45890.582
45896.18
45924.961
45911.613
45959.805
45938.875
45953.043
45931.301
46006.883
46023.746
45995.359
46039.664
46045.992
46028.699
46075.277
46063.621
46031.641
46080.879
46129.895
46114.445
46159.77
46148.355
46152.102
46165.457
46176.027
46194.699
46213.203
46245.477
46225.32
46226.762
46265.523
46240.121
46279.367
46297.273
46316.473
46318.434
46286.328
46304.379
46330.758
46354.223
46385.602
46359.699
46385.945
46401.457
46395.57
46396.102
46425.77
46432.957
46438.746
46451.828
46470.891
46485.125
46497.477
46492.688
46488.879
46500.758
46491.484
46503.086
46566.09
46560.301
46574.125
46594.516
46556.359
46585.504
46607.207
46597.754
46614.395
46616.566
46637.664
46638.387
46648.527
46660.32
46683.207
46677.961
46703.41
46693.633
46709.516
46716.98
46754.832
46717.293
46751.887
46763.617
46753.215
46778.516
46798.965
46764.324
46808.66
46794.453
46802.906
46818.613
46850.637
46837.941
46850.52
46866.469
46867.66
46865.313
46879.016
46844.09
46875.563
46909.148
46916.281
46916.918
46927.5
46951.293
46963.188
46922.195
46979.734
46967.91
46971.164
46997.84
46973
46991.211
47022.594
47000.281
47013.965
47023.566
47024.473
45439.102
45971.047
46413.133
46532.473
46614.859
46728.773
46771.164
46907.262
46964.094
46976.211
47009.559
47004.531
47018.457
47045.418
47080
47079.805
47062.191
47078.918
47058.309
47043.988
47049.605
47056.41
47063.992
47110.984
47097.926
47105.148
47124.438
47148.793
47153.961
47164.801
47168.863
47152.234
47153.035
47181.563
47174.684
47191.375
47179.309
47175.594
47167.074
47157.641
47154.883
47179.184
47155.242
47184.492
47165.395
47212.617
47220.281
47220.133
47235.922
47242.629
47236.543
47261.711
47252.789
47259.527
47258.699
47286.559
47278.355
47248.246
47288.949
47296.102
47265.125
47283.781
47276.73
47293.27
47290.238
47318.895
47294.531
47318.074
47319.43
47310.293
47321.59
47345.559
47321.566
47319.508
47321.727
47307.938
47332.293
47321.289
47330.113
47333.887
47355.254
47347.012
47344.129
47334.695
47383.195
47351.672
47349.289
47359.938
47334.195
47356.094
47380.598
47363.523
47383.168
47370.008
47379.805
47378.41
47386.047
47368.18
47378.371
47446.266
47390.422
47357.309
47343.332
47332.441
47324.656
47407.223
47420.434
47400.703
47369.434
47330.953
47291.953
47297.957
47351.391
47413.766
47394.656
47393.938
47324.891
47286.82
47260.098
47290.578
47328.742
47396.402
47407.254
47359.023
47326.074
47298.887
47254.109
47284.316
47342.137
47353.297
47407.168
47418.301
47375.379
47367.012
47314.09
47292.055
47277.602
47332.629
47374.574
47400.594
47422.504
47382.668
47317.051
47307.348
47308.082
47311.32
47348.766
47382.48
47407.004
47408.301
47409.25
47405.098
47383.316
47381.348
47373.074
47398.543
47442.105
47395.098
47413.441
47424.113
47389.16
47378.133
47379.047
47371.176
47365.543
47357.016
47360.922
47358.754
47400.965
47414.426
47410.047
47415.281
47426.125
47399.805
47422.258
47429.746
47418.652
47411.063
47407.551
47432.438
47409.281
47436.02
47409.566
47370.648
47394.609
47406.84
47409.73
47455.629
47434.531
47421.91
47419.332
47448.301
47420.535
47409.145
47435.629
47401.125
47391.023
47397.777
47420.703
47436.738
47464.008
47441.098
47417.301
47419.785
47416.375
47400.25
47396.145
47433.34
47420.285
47430.598
47446.996
47427.707
47435.953
47440.234
47425.301
47433.543
47438.219
47406.27
47391.898
47399.305
47413.422
47412.406
47428.508
47416.379
47407.699
47417.621
47397.203
47362.039
47377.102
47375.656
47376.934
47380.109
47419.242
47430.809
47446.969
47458.059
47428.922
47421.754
47422.094
47396.355
47425.469
47410.559
47417.246
47405.125
47417.891
47416.078
47429.059
47436.711
47455.914
47416.996
47415.578
47418.652
47358.988
47360.66
47348.867
47334.773
47362.172
47345.586
47337.043
47366.809
47400.961
47407.84
47398.129
47409.293
47398.246
47378.82
47395.344
47410.973
47421.008
47409.477
47406.82
47406.645
47434.711
47437.371
47431.172
47411.957
47449.359
47452.578
47406.82
47429.918
47417.789
47387.508
47426.754
47427.473
47404.551
47427.273
47442.891
47393.633
47376.172
47368.641
47352.934
47326.547
47345.301
47318.891
47357.785
47366.664
47368.105
47374.777
47384.227
47388.668
47406.633
47394.52
47410.605
47381.293
47342.141
47360.035
47363.898
47368.797
47387.07
47367.336
47406.809
47413.086
47407.395
47409.977
47407.652
47422.078
47396.789
47397.227
47399.457
47386.723
47415.684
47418.813
47409.301
47426.02
47421.457
47423.117
47416.258
47416.469
47385.84
47405.934
47412.598
47389.141
47416.383
47419.363
47406.766
47427.207
47422.273
47416.027
47443.746
47413.004
47426.543
47408.633
47420.645
47423.852
47388.492
47344.313
47390.879
47376.633
47387.805
47376.063
47344.762
47386.77
47378.5
47388.16
47409.32
47431.707
47426.555
47383.512
47425.273
47413.688
47371.855
47389.164
47390.996
47362.762
47399.723
47371.672
47384.723
47427.285
47425.625
47399.098
47412.25
47422.953
47420.414
47406.16
47433.879
47427.883
47417.934
47436.52
47413.93
47414.605
47391.848
47386.434
47371.188
47396.168
47406.461
47374.168
47395.426
47442.805
47407.27
47433.223
47428.594
47388.125
47372.508
47375.68
47347.984
47333.887
47321.191
47328.57
47311.281
47335.832
47348.508
47351.219
47389.805
47395.02
47374.414
47399.367
47396.664
47376.672
47368.969
47383.875
47364.602
47358.285
47343.07
47362.375
47355.547
47383.648
47387.953
47387.664
47384.133
47399.883
47394.438
47413.5
47397.094
47383.41
47388.598
47367.816
47363.297
47387.547
47384.828
47414.754
47415.855
47423.055
47390.75
47399.621
47385.793
47383.977
47404.941
47432.758
47411
47406.426
47433.23
47414.281
47386.324
47383.555
47403.504
47373.777
47402.516
47415.25
47415.777
47428.324
47408.242
47407.484
47457.82
47440.344
47429.871
47407.293
47382.133
47376.23
47364.633
47357.191
47372.195
47343.883
47382.387
47385.934
47363.559
47351.363
47348.164
47318.078
47341.754
47348.105
47318.949
47318.367
47361.563
47331.66
47334.813
47392
47384.262
47381.508
47401.695
47400.91
47377.105
47394.152
47398.992
47415.801
47407.563
47423.367
47384.816
47402.668
47426.477
47411.066
47422.281
47410.469
47425.867
47415.227
47442.898
47447.383
47451.016
47417.656
47448.73
47414.488
47421.496
47432.34
47381.523
47369.969
47372.32
47370.77
47369.371
47398.891
47401.848
47441.484
47445.379
47445.238
47433.699
47459.301
47454.504
47453.363
47454.547
47460.664
47439.313
47465.18
47429.508
47436.242
47438.566
47442.406
47429.066
47448.707
47452.535
47454.965
47453.117
47489.133
47481.77
47465.289
47445.551
47434.004
47373.035
47390.566
47408.145
47385.473
47387.914
47391.688
47389.258
47386.156
47407.855
47393.953
47394.801
47414.082
47367.645
47378.426
47409.324
47397.555
47408.102
47434.117
47432.879
47431.504
47450.227
47438.773
47433.609
47442.324
47441.086
47419.781
47443.805
47455.961
47434.738
47425.836
47434.602
47409.316
47404.824
47395.352
47425.355
47417.133
47442.438
47461.754
47452.941
47475.25
47488.793
47478.168
47483.395
47454.547
47443.23
47480.73
47484.289
47475.598
47484.797
47475.461
47477.34
47478.246
47464.039
47450.008
47475.406
47471.289
47473.172
47462.09
47509.188
47499.172
47480.371
47461.305
47458.914
47428.566
47434.473
47450.738
47449.914
47460.777
47473.547
47463.586
47494.18
47503.414
47481.984
47465.043
47476.59
47474.676
47460.027
47450.734
47457.238
47429.902
47466.238
47478.301
47474.215
47504.23
47532.559
47509.652
47517.426
47540.852
47518.547
47519.465
47509.727
47487.129
47463.285
47457.582
47457.121
47462.59
47500.027
47505.625
47484.66
47517.691
47524.668
47527.195
47534.148
47535.508
47509.582
47524.621
47519.125
47515.609
47517
47536.344
47520.23
47500.395
47512.145
47510.363
47502.098
47510.695
47512.316
47534.395
47539.949
47537.543
47507.07
47512.922
47508.547
47471.504
47479.477
47495.711
47494.082
47518.25
47514.324
47529.477
47520.184
47529.738
47509.563
47485.277
47494.832
47500.094
47483.73
47512.379
47528.891
47512.617
47521.395
47534.953
47502.211
47530.676
47521.398
47517.063
47521.516
47528.332
47521.008
47528.734
47510.852
47504.992
47489.578
47484.852
47514.234
47519.215
47551.723
47551.039
47547.242
47562.066
47564.023
47539.777
47560.223
47557.656
47564.254
47565.59
47567.914
47550.148
47563.379
47599.047
47592.469
47576.531
47572.797
47504.402
47473.609
47481.426
47474.906
47472.074
47504.746
47500.199
47499.848
47525.18
47514.559
47487.238
47456.855
47465.734
47459.43
47484.375
47493.426
47506.344
47515.102
47519.883
47512.797
47504.574
47523.945
47549.379
47531.039
47550.777
47553.895
47528.504
47551.066
47552.824
47532.27
47539.641
47539.523
47529.254
47535.129
47548.391
46741.422
46270.379
46611.852
47076.398
47346.645
47343.891
47297.566
47207.613
47200.969
47273.801
47326.305
47394.43
47489.922
47570.313
47600.457
47619.961
47563.43
47523.891
47474.336
47413.109
47339.152
47334.848
47335.48
47319.18
47364.918
47414.695
47427.367
47460.426
47482.645
47494.414
47523.77
47522.57
47508.59
47514.41
47525.691
47500.805
47491.18
47466.141
47461.551
47466.207
47499.676
47502.688
47517.836
47520.59
47538.668
47538.156
47539.035
47530.523
47561.637
47565.059
47576.676
47560.902
47573.395
47585.836
47576.961
47601.805
47622.414
47609.68
47629.156
47630.281
47662.672
47666.258
47686.066
47685.762
47671.809
47735.234
47733.195
47743.445
47769.59
47800.113
47821.594
47888.988
47937.004
47953.859
47982.727
48026.203
48009.332
48063.184
48088.363
48083.965
48068.887
48087.641
48074.945
45763.199
46659.688
47100.117
47304.832
47511.367
47747.082
47886.613
47969.426
48035.477
48098.414
48204.016
48197.016
48077.414
48038.004
47979.422
48008.102
48109.871
48243.027
48218.59
48139.668
48083.504
48038.281
48040.082
48179.82
48256.746
48233.098
48155.477
48082.066
48011.699
48017.23
48048.898
48093.977
48212.398
48273.023
48229.781
48108.215
48038.367
47960.641
47936.66
47953.141
47976.191
48000.367
48093.875
48123.43
48158.453
48172.754
48150.543
48089.043
48100.184
48075.438
48063.328
48044.516
48070.738
48045.805
48073.758
48087.488
48095.355
48076.602
48095.965
48063.934
48082.184
48079.234
48085.504
48061.395
48066.668
48062.012
48057.738
48070.703
48063.387
48035.891
48067.094
48065.383
48074.305
48051.16
48043.719
48021.25
48042.621
48037.715
48025.051
48021.867
48060.551
48050.16
48032.18
48061.551
48041.988
48012.004
48033.863
48047.668
48046.055
48034.891
48051.367
48038.609
48063.449
48085.797
48044.48
48070.832
48071.566
48033.332
48043.367
48033.496
48050.461
48014.301
48013.574
48025.484
48046.5
48041.465
48025.043
47988.398
47994.789
47993.078
48004.641
48010.773
48012.961
48012.32
48031.223
48051.863
48024.422
48022.891
48037.867
48041.324
48015.086
48048.633
48040.445
48011.719
47999.156
48005.539
47948.145
48015.039
48012.5
47968.258
48032.27
48048.191
48030.988
48043.641
47971.266
48084.359
48031.738
48001.723
47934.512
47994.781
48007.82
48036.965
48017.699
47999.109
48001.531
47987.645
48015.188
47999.488
48019.902
48007.266
48034.734
48024.996
48012.219
48019.617
47969.652
47978.391
47979.816
47996.703
48009.16
48021.566
48029.738
48009.957
48039.762
48004.457
48008.758
47987.863
48017.773
47978.156
47966.285
47982.641
47940.129
48000.199
48035.418
48014.582
47985.262
47968.523
48030.094
48051.555
48013.984
48024.984
47982.336
47995.34
47965.965
47912.594
47938.52
48011.641
48004.301
47993.902
48012.238
47999.426
48014.082
47935.418
48015.801
47995.391
48019.332
48000.684
47996.414
47999.434
47941.617
47870.332
47961.289
47922.098
47910.48
48001.898
48007.254
47982.773
47980.711
47994.973
47980.789
48004.414
48023.211
47999.691
47968.477
47982.176
47961.426
47967.047
47966.004
47952.223
47954.484
48036.82
48026.82
48014.762
48014.355
48012.039
47988.148
48014.355
48000.801
47987.168
47959.555
47916.887
47936.43
47939.09
47948.023
47974.34
47982.613
47998.977
47971.754
47941.246
48023.313
47997.957
47984.023
47955.609
47985.328
47979.754
47957.313
47977.93
47944.051
47953.867
47970.496
47926.133
47948.488
47945.883
47945.988
47946.793
47938.18
47952.039
47962.965
47998.426
47996.516
47982.23
47920.266
47990.711
48002.984
47994.141
47999.914
47984.262
47981.855
47972.625
47931.75
47976.43
47972.148
47958.188
47967.383
47980.809
47964.52
47917.852
47970.02
47975.441
47975.441
47991.328
47982.602
47942.742
47964.629
47983.5
47967.676
47907.5
47924.48
47919.859
47934.422
47930.211
47929.242
47871.785
47908.871
47843.305
47960.496
47971.516
47969.77
47993.066
48008.129
47914.227
48007.883
47994.43
47940.113
47978.301
48060.305
48012.352
48027.816
47995.457
47987.195
47989.07
47999.43
47962.988
47947.176
47992.164
47997.641
47915.715
47966.699
47892.336
47931.766
48005.715
47993.793
47907.082
47961.723
47993.141
47900.957
48002.938
47967.707
47950.652
47951.777
47956.031
47970.621
47992.031
48012.047
48027.52
47963.445
48058.57
48048.711
48031.332
48033.156
48032.691
47984.043
48021.141
48010.125
48011.082
48014.586
47973.898
48022.891
48085.82
48018.734
48043.43
48009.156
48017.5
47960.973
47978.516
48019.113
48000.305
47977.445
48028.184
47984.969
47999.172
48012.098
48041.492
47991.949
48036.289
48046.215
48034.695
47950.109
48028.688
48022.664
47989.953
47976.895
48024.793
48012.234
48028.48
48010.637
48050.988
47996.742
48087.18
48060.73
47999.773
48046.934
47930.512
47950.586
47902.637
47884.156
47982.887
47973.75
47953.129
47981.871
48022.258
48024.563
48024.793
48013.941
48004.785
47927.395
47901.398
48014.73
47923.539
47961.129
47975.973
48038.813
48036.02
47988.152
47975.953
48041.188
48049.332
47910.375
47964.422
48015.258
48025.691
48019.426
48053.863
47991.004
48002.566
48004.906
47965.359
47928.449
47983.012
48048.086
48043.508
47946.285
48079.109
48038.332
48081.664
48101.305
48062.734
48034.387
48051.328
48008.691
48023.891
47992.566
48076.988
48098.07
48084
48046.082
48087.254
48023.613
47997.676
48099.078
47991.473
48083.25
48109.281
48009.672
48072.965
48060.805
48057.582
48073.172
48063.844
48050.824
48068.68
48057.801
47972.645
48067.207
48152.691
48072.16
48046.656
48104.75
48028.285
47997.203
47980.531
47940.73
47947.539
47892.117
47963.602
47923.965
47941.238
47881.555
47854.406
47964.707
47954.008
47973.211
47905.961
47957.668
48015.094
47962.074
47999.785
47931.777
47945.977
47987.426
48008.555
47979.16
47910.523
47950.543
47960.355
47970.84
47910.719
47943.566
48008.75
47999.512
48008.211
48010.242
47865.309
47909.68
48013.41
48002.957
48014.48
48033.395
47972.68
47967.25
47915.898
47940.418
47905.805
47907.609
48017.02
47929.93
48037.586
48038.84
47933.117
48001.273
48072.969
48016.863
47944.629
47966.93
47926.129
48057.324
48007.73
47992.672
48017.121
48074.652
48115
47982.484
47978.871
48104.398
48050.672
48027.527
47983.387
47994.477
48090.703
48005.902
47896.359
48018.914
48055.578
48055.152
47957.641
47987.98
48003.199
47930.293
48027.094
48021.938
47967.18
48087.305
48109.324
48089.559
48083.688
48096.23
48082.27
47999.262
47987.223
48112.691
47993.992
47983.859
48025.977
48056.848
48090.617
48174.117
48136.031
48153.598
48151.836
48062.191
48120.047
48144.742
48112.777
48048.25
48080.977
48045.211
48118.332
48153.227
48111.375
48052.004
48090.09
47992.484
47964.418
48077.25
48032.742
48160.523
48047.094
48099.352
48113.551
48144.766
48102.91
48082.855
48093.582
48193.645
48166.66
48227.031
48170.418
48056.301
48137.918
48143.523
48083.363
48077.215
48142.43
48107.148
48219.633
48107.859
48100.23
48056.082
48191.023
48084.66
48128.219
48173.371
48099.414
48208.602
48190.648
48215.461
48125.785
48143.066
48139.512
48079.777
48201.777
48210.746
48051.289
48162.234
48091.449
48206.742
48113.418
48162.785
48141.055
48125.582
48157.816
48162.219
48153.605
48141.195
48175.844
48311.441
48212.496
48177.953
48088.32
48099.773
48269.453
48122.148
48259.223
48126.086
48171.691
48122.969
48180.188
48176.609
48165.563
48220.859
48274.984
48194.582
48201.402
48178.402
48157.242
48179.383
48190.523
48241.438
48181.363
48245.234
48291.965
48199.945
48255.781
48138.645
48163.785
48239.574
48231.16
48227.145
48273.242
48160
48237.262
48142.625
48191.832
48198.895
48217.277
48255.438
48239.492
48263.129
48216.66
48254.211
48345.535
48203.043
48197.73
48228.109
48245.043
48171.637
48190.738
48204.344
48240.625
48201.418
48204.695
48205
48221.293
48258.871
48248.195
48213.324
48282.719
48352.125
48270.676
48278.262
48218.449
48216.176
48207.734
48236.57
48264.23
48244.758
48349.957
48253.211
48305.082
48286.402
48278.113
48342.367
48311.375
48260.359
48331.039
48305.227
48310.5
48274.371
48317.238
48320.836
48408.398
48289.398
48356.063
48333.203
48321.887
48390.168
48276.379
48345.133
48340.391
48278.652
48265.371
48286.805
48338.254
48315.676
48364.305
48432.531
48389.195
48518.66
48474.367
48490.32
48534.863
48579.836
48543.039
48640.004
48643.535
48749.223
48782.004
48811.691
48880.313
48888.141
48932.027
48977.25
49010.008
48982.246
47346.027
47500.832
48016.434
48341.219
48652.988
48681.789
48803.074
48869.496
48973.664
48951.961
48910.137
49022.336
48960.297
48932.59
48981.098
48977.246
48944.348
48952.719
49018.328
48933.512
48984.961
48438.77
48707.961
48864.645
48901.34
49031.797
48928.102
49020.145
49000.371
48949.652
48979.297
49050.078
48982.359
49049.836
49061.137
49097.68
48962.027
48934.094
49069.73
49039.789
48947.203
49026.215
49003.758
49043.152
49072.988
49077.012
49036.059
49030.363
49034.484
49039.398
49059.848
49111.918
49018.387
49144.156
49059.074
49057.383
49069.684
49067.797
49082.832
49145.074
49059.859
49107.426
49132.238
49092.324
49107.395
49094.746
49106.367
49080.164
49136.473
49136.184
49106.844
49090.414
49156.734
49195.215
49110.738
49174.367
49086.012
49136.48
49174.191
49138.953
49132.242
49157.047
49215.941
49173.703
49134.883
49186.723
49155.469
49161.645
49191.469
49164.242
49254.395
49152.766
49163.191
49197.633
49170.879
49188.035
49195.781
49194.25
49219.086
49148.676
49327.703
49175.926
49199.297
49274.184
49205.777
49228.688
49294.539
49196.457
49199.527
49229.715
49264.82
49257.785
49264.797
49248.086
49367.703
49230.398
49247.73
49251.129
49253.961
49290.488
49244.84
49249.164
49322.691
49282.441
49242.953
49280.938
49258.605
49296.41
49264.305
49294.133
49259.367
49277.266
49315.926
49327.711
49287.527
49340.406
49285.047
49347.219
49375.898
49308.148
49305.883
49302.117
49318.848
49329.895
49389.465
49376.957
49280.27
49311.281
49350.73
49288.457
49330.063
49382.895
49361.758
49373.996
49390.488
49424.168
49349.07
49375.43
49417.066
49323.727
49372.102
49356.152
49384.207
49398.531
49379.586
49373.371
49393.23
49352.121
49395.758
49406.992
49457.125
49401.477
49471.215
49343.684
49384.152
49377.176
49424.727
49404.277
49391.93
49423.102
49410.457
49435.457
49440.691
49417.563
49421.613
49428.512
49417.703
49405.867
49430.254
49431.586
49482.449
49412.25
49453.789
49477.93
49474.59
49552.914
49413.656
49443.273
49484.867
49481.344
49479.336
49469.539
49482.449
49490.777
49477.859
49456.074
49453.641
49528.289
49484.016
49462.426
49469.516
49525.5
49484.086
49457.078
49468.609
49507.379
49538.367
49483.117
49507.023
49454.18
49495.965
49468.77
49520.809
49502.785
49483.68
49519.555
49538.68
49519.203
49473.348
49534.406
49528.301
49523.844
49536.445
49513.676
49512.258
49572.93
49570.891
49571.633
49503.883
49542.277
49608.246
49489.531
49620.887
49576.098
49494.117
49626.164
49513.305
49548.09
49573.656
49543.758
49506.582
49522.102
49573.074
49614.078
49517.113
49557.984
49546.293
49629.32
49539.625
49581.527
49582.469
49553.797
49592.555
49571.246
49564.656
49637.727
49551.16
49600.379
49537.898
49543.887
49576.738
49591.262
49584.645
49570.551
49593.785
49591.563
49595.551
49584.254
49602.953
49598.074
49607.41
49599.867
49538.938
49596.695
49642.594
49601.504
49585.383
49619.738
49594.203
49598.973
49586.996
49595.52
49561.984
49649.918
49589.055
49617.953
49622.66
49634.793
49582.121
49622.594
49604.078
49644.855
49599.023
49593.711
49610.883
49631.957
49641.297
49628.246
49606.578
49628.266
49604.309
49587.617
49655.523
49649.645
49584.055
49644.605
49615.355
49650.754
49659.676
49635.117
49612.02
49641.156
49668.094
49604.938
49607.184
49693.008
49595.734
49646.23
49631.887
49618.199
49637.328
49636.758
49649.469
49650.789
49631.688
49644.762
49629.289
49636.566
49645.973
49643.965
49661.746
49627.512
49599.715
49645.313
49622.305
49628.445
49661.77
49649.547
49644.211
49647.648
49653.422
49636.082
49630.91
49650.652
49676.586
49640.242
49685.742
49714.266
49628.906
49672.523
49657.711
49653.875
49669.539
49688.313
49614.551
49673.082
49677.789
49634.719
49696.559
49663.648
49651.789
49670.938
49637.098
49647.836
49647.027
49707.168
49638.52
49646.484
49697.371
49660.141
49682.797
49674.195
49690.125
49640.707
49682.703
49658.855
49643.453
49658.445
49674.773
49663.227
49667.246
49679.703
49687.246
49682.777
49673.133
49664.902
49646.875
49666.238
49653.035
49654.762
49674.523
49655.945
49676.535
49684.762
49658.949
49646.168
49705.891
49676.453
49651.734
49669.234
49677.285
49676.813
49638.738
49664.859
49662.168
49649.539
49680.344
49657.344
49657.035
49774.043
49594.223
49621.145
49680.594
49716.883
49638.961
49673.535
49683.488
49644.156
49668.922
49676.117
49631.613
49672.883
49660.953
49627.703
49668.793
49638.352
49650.949
49645.246
49692.672
49644.297
49637.926
49680.766
49669.074
49653.203
49705.164
49663.078
49694.895
49692.531
49680.355
49650.145
49679.234
49663.273
49675.762
49683.133
49704.684
49666.086
49698.07
49659.07
49658.426
49646.391
49661.703
49654.926
49663.516
49661.746
49689.949
49611.582
49658.125
49649.598
49607.941
49626.547
49631.566
49635.938
49661.27
49655.219
49639.039
49630.762
49689.93
49659.574
49629.707
49704.043
49709.438
49608.246
49656.676
49641.887
49619.453
49666.133
49660.098
49632.148
49653.883
49684.285
49655.059
49648.688
49638.258
49626.66
49609.859
49620.184
49612.762
49618.191
49658.73
49612.656
49627.527
49659.137
49628.984
49631.758
49612.941
49608.086
49610.957
49631.164
49626.383
49606.598
49627.918
49637.734
49616.516
49619.824
49629.027
49619.383
49604.633
49654.43
49599.879
49633.332
49607.031
49606.313
49600.906
49603.168
49600.051
49596.031
49604.84
49576.762
49565.445
49595.113
49578.355
49632.891
49607.02
49637.215
49587.797
49615.168
49582.82
49592.918
49580.031
49613.813
49576.926
49559.699
49596.371
49573.727
49568.98
49593.805
49545.379
49573.543
49594.074
49556.879
49557.293
49566.625
49576.988
49552.289
49558.379
49553.008
49557.379
49545.551
49560.816
49559.613
49531.332
49582.176
49541.328
49551.191
49575.266
49540.398
49559.73
49539.18
49553.238
49506.203
49509.227
49537.973
49527.371
49529.813
49542.012
49492.492
49494.574
49532.621
49523.039
49510.895
49517.121
49501.645
49504.926
49505.797
49489.117
49485.258
49502.582
49467.508
49448.934
49478.094
49476.191
49467.367
49475.707
49478.289
49465.605
49461.645
49506.082
49455.957
49444.086
49465.859
49454.992
49449.805
49466.5
49445.105
49429.961
49444.457
49436.145
49395.738
49443.879
49433.563
49410.063
49399.109
49396.398
49402.207
49421.641
49405.027
49393.746
49399.414
49409.789
49374.145
49384.348
49392.023
49355.176
49364.219
49413.348
49374.863
49365.02
49393.641
49336.066
49337.148
49351.973
49357.23
49337.695
49339.012
49334.586
49324.316
49319.82
49322.934
49294.762
49299.723
49313.184
49303.367
49281.137
49307.707
49280.207
49254.762
49264.398
49294.289
49199.453
49257.652
49240.348
49249.586
49253.285
49249.977
49197.746
49220.836
49223.414
49176.598
49228.656
49217.137
49192.965
49172.168
49179.016
49172.539
49167.566
49180.453
49137.613
49142.832
49137.359
49116.184
49086.621
49146.469
49117.836
49106.566
49119.254
49088.504
49077.941
49054.156
49057.832
49027.523
49011.234
49057.133
49016.129
48983.813
49014.043
48988.488
48996.453
49006.656
48980.5
48972.926
48954.02
48916.27
48889.91
48933
48920.688
48878.207
48877.07
48857.578
48830.563
48847.77
48838.566
48787.109
48779.594
48786.332
48744.059
48747.41
48739.734
48689.344
48632.746
48652.039
48614.172
48606.219
48623.246
48608.098
48548.59
48556.887
48549.215
48517.191
48487.711
48460.414
48413.773
48422.813
48384.43
48350.527
48340.391
48329.887
48301.715
48287.418
48253.543
48194.992
48191.508
48168.133
48114.574
48067.512
48070.727
48053.543
48010.426
47978.324
47935.707
47897.84
47872.59
47871.133
47821.645
47779.121
47771.48
47709.871
47668.207
47662.402
47593.457
47560.355
47543.07
47535.855
47492.34
47429.82
47388.559
47342.305
47344.078
47288.059
47232.332
47228.57
47184.137
47111.367
47089.434
47052.816
47014.105
46984.613
46955.668
46873.781
46814.5
46792.961
46741.594
46687.957
46683.719
46645.703
46569.578
46581.66
46490.66
46450.848
46437.172
46348.418
46299.836
46286.852
46229.688
46192.664
46129.648
46086.754
46037.723
45985.973
45930.871
45840.641
45815.348
45828.039
45740.137
45696.578
45659.355
45551.047
45532.609
45497.363
45421.219
45365.195
45302.711
45248.512
45220.605
45195.879
45129.52
45033.145
45017.961
44937.438
44847.613
44841.207
44759.512
44690.852
44605.234
44496.641
44377.82
44296.324
44150.473
44023.445
43880.918
43729.633
43526.305
43333.523
43114.398
42820.551
42503.34
42073.707
41510.145
